387.95200 312.48434 71.00000 411.64336 9.29999 -90.06351
388.01100 312.48434 71.00000 411.64336 9.29999 -90.06351
388.03600 312.48434 71.00000 411.64336 9.29999 -90.06351
388.06500 312.48434 71.00000 411.64336 9.29999 -90.06351
388.08100 312.48434 71.00000 411.64336 9.29999 -90.06351
388.09700 312.48434 71.00000 411.64336 9.29999 -90.06351
388.11500 312.48434 71.00000 411.64336 9.29999 -90.06351
388.13100 312.48434 71.00000 411.64336 9.29999 -90.06351
388.14800 312.48434 71.00000 411.64336 9.29999 -90.06351
388.16400 312.48434 71.00000 411.64336 9.29999 -90.06351
388.18100 312.48434 71.00000 411.64336 9.29999 -90.06351
388.20700 312.48434 71.00000 411.64336 9.29999 -90.06351
388.23100 312.48434 71.00000 411.64336 9.29999 -90.06351
388.24700 312.48434 71.00000 411.64336 9.29999 -90.06351
388.26400 312.48434 71.00000 411.64336 9.29999 -90.06351
388.28000 312.48434 71.00000 411.64336 9.29999 -90.06351
388.29800 312.48434 71.00000 411.64336 9.29999 -90.06351
388.31500 312.48434 71.00000 411.64336 9.29999 -90.06351
388.33000 312.48434 71.00000 411.64336 9.29999 -90.06351
388.34700 312.48434 71.00000 411.64336 9.29999 -90.06351
388.36400 312.48434 71.00000 411.64336 9.29999 -90.06351
388.38000 312.48434 71.00000 411.64336 9.29999 -90.06351
388.39700 312.48434 71.00000 411.64336 9.29999 -90.06351
388.41400 312.48434 71.00000 411.64336 9.29999 -90.06351
388.43000 312.48434 71.00000 411.64336 9.29999 -90.06351
388.44800 312.48434 71.00000 411.64336 9.29999 -90.06351
388.46400 312.48434 71.00000 411.64336 9.29999 -90.06351
388.48100 312.48434 71.00000 411.64336 9.29999 -90.06351
388.49700 312.48434 71.00000 411.64336 9.29999 -90.06351
388.51400 312.48434 71.00000 411.64336 9.29999 -90.06351
388.53000 312.48434 71.00000 411.64336 9.29999 -90.06351
388.54800 312.48434 71.00000 411.64336 9.29999 -90.06351
388.56400 312.48434 71.00000 411.64336 9.29999 -90.06351
388.58000 312.48434 71.00000 411.64336 9.29999 -90.06351
388.59700 312.48434 71.00000 411.64336 9.29999 -90.06351
388.61300 312.48434 71.00000 411.64336 9.29999 -90.06351
388.63000 312.48434 71.00000 411.64336 9.29999 -90.06351
388.64700 312.48434 71.00000 411.64336 9.29999 -90.06351
388.66300 312.48434 71.00000 411.64336 9.29999 -90.06351
388.68000 312.48434 71.00000 411.64336 9.29999 -90.06351
388.69700 312.48434 71.00000 411.64336 9.29999 -90.06351
388.71300 312.48434 71.00000 411.64336 9.29999 -90.06351
388.73000 312.48434 71.00000 411.64336 9.29999 -90.06351
388.74700 312.48434 71.00000 411.64336 9.29999 -90.06351
388.76400 312.48434 71.00000 411.64336 9.29999 -90.06351
388.78100 312.48434 71.00000 411.64336 9.29999 -90.06351
388.79700 312.48434 71.00000 411.64336 9.29999 -90.06351
388.81300 312.48434 71.00000 411.64336 9.29999 -90.06351
388.83000 312.48434 71.00000 411.64336 9.29999 -90.06351
388.84700 312.48434 71.00000 411.64336 9.29999 -90.06351
388.86300 312.48434 71.00000 411.64336 9.29999 -90.06351
388.88000 312.48434 71.00000 411.64336 9.29999 -90.06351
388.89700 312.48434 71.00000 411.64336 9.29999 -90.06351
388.91400 312.48434 71.00000 411.64336 9.29999 -90.06351
388.93000 312.48434 71.00000 411.64336 9.29999 -90.06351
388.94800 312.48434 71.00000 411.64336 9.29999 -90.06351
388.96300 312.48434 71.00000 411.64336 9.29999 -90.06351
388.98100 312.48434 71.00000 411.64336 9.29999 -90.06351
388.99700 312.48434 71.00000 411.64336 9.29999 -90.06351
389.01300 312.48434 71.00000 411.64336 9.29999 -90.06351
389.03000 312.48434 71.00000 411.64336 9.29999 -90.06351
389.04700 312.48434 71.00000 411.64336 9.29999 -90.06351
389.06400 312.48434 71.00000 411.64336 9.29999 -90.06351
389.08100 312.48434 71.00000 411.64336 9.29999 -90.06351
389.09700 312.48434 71.00000 411.64336 9.29999 -90.06351
389.11300 312.48434 71.00000 411.64336 9.29999 -90.06351
389.13000 312.48434 71.00000 411.64336 9.29999 -90.06351
389.14700 312.48434 71.00000 411.64336 9.29999 -90.06351
389.16300 312.48434 71.00000 411.64336 9.29999 -90.06351
389.18000 312.48434 71.00000 411.64336 9.29999 -90.06351
389.19700 312.48434 71.00000 411.64336 9.29999 -90.06351
389.21300 312.48434 71.00000 411.64336 9.29999 -90.06351
389.23000 312.48434 71.00000 411.64336 9.29999 -90.06351
389.24800 312.48434 71.00000 411.64336 9.29999 -90.06351
389.26300 312.48434 71.00000 411.64336 9.29999 -90.06351
389.28000 312.48434 71.00000 411.64336 9.29999 -90.06351
389.29700 312.48434 71.00000 411.63807 9.29999 -90.06351
389.31400 312.48433 71.00000 411.62807 9.29999 -90.06351
389.33000 312.48432 71.00000 411.61866 9.29999 -90.06351
389.34800 312.48431 71.00000 411.60578 9.29999 -90.06351
389.36500 312.48429 71.00000 411.59033 9.29999 -90.06351
389.38100 312.48428 71.00000 411.57487 9.29999 -90.06351
389.39800 312.48427 71.00000 411.55875 9.29999 -90.06351
389.41400 312.48426 71.00000 411.54032 9.29999 -90.06351
389.43000 312.48425 71.00000 411.52297 9.29999 -90.06351
389.44700 312.48424 71.00000 411.50367 9.29999 -90.06351
389.46400 312.48423 71.00000 411.48361 9.29999 -90.06351
389.48000 312.48422 71.00000 411.46355 9.29999 -90.06351
389.49600 312.48421 71.00000 411.44420 9.29999 -90.06351
389.51400 312.48420 71.00000 411.42325 9.29999 -90.06351
389.53100 312.48419 71.00000 411.40353 9.29999 -90.06351
389.54700 312.48418 71.00000 411.38233 9.29999 -90.06351
389.56400 312.48417 71.00000 411.36089 9.29999 -90.06351
389.58000 312.48416 71.00000 411.34072 9.29999 -90.06351
389.59900 312.48415 71.00000 411.31914 9.29999 -90.06351
389.61400 312.48414 71.00000 411.29744 9.29999 -90.06351
389.63000 312.48413 71.00000 411.27702 9.29999 -90.06351
389.64700 312.48412 71.00000 411.25525 9.29999 -90.06351
389.66400 312.48411 71.00000 411.23340 9.29999 -90.06351
389.68000 312.48410 71.00000 411.21284 9.29999 -90.06351
389.69700 312.48409 71.00000 411.19096 9.29999 -90.06351
389.71400 312.48408 71.00000 411.16904 9.29999 -90.06351
389.73000 312.48407 71.00000 411.14840 9.29999 -90.06351
389.74600 312.48406 71.00000 411.12646 9.29999 -90.06351
389.76400 312.48405 71.00000 411.10449 9.29999 -90.06351
389.78000 312.48404 71.00000 411.08382 9.29999 -90.06351
389.79600 312.48403 71.00000 411.06184 9.29999 -90.06351
389.81300 312.48402 71.00000 411.03985 9.29999 -90.06351
389.83000 312.48401 71.00000 411.01915 9.29999 -90.06351
389.84700 312.48400 71.00000 410.99716 9.29999 -90.06351
389.86400 312.48398 71.00000 410.97516 9.29999 -90.06351
389.88000 312.48397 71.00000 410.95445 9.29999 -90.06351
389.89600 312.48396 71.00000 410.93244 9.29999 -90.06351
389.91400 312.48395 71.00000 410.91043 9.29999 -90.06351
389.93000 312.48394 71.00000 410.88972 9.29999 -90.06351
389.94700 312.48393 71.00000 410.86771 9.29999 -90.06351
389.96400 312.48392 71.00000 410.84569 9.29999 -90.06351
389.97900 312.48391 71.00000 410.82498 9.29999 -90.06351
389.99700 312.48390 71.00000 410.80296 9.29999 -90.06351
390.01400 312.48389 71.00000 410.78095 9.29999 -90.06351
390.03000 312.48388 71.00000 410.76023 9.29999 -90.06351
390.04700 312.48387 71.00000 410.73821 9.29999 -90.06351
390.06400 312.48386 71.00000 410.71620 9.29999 -90.06351
390.08000 312.48385 71.00000 410.69418 9.29999 -90.06351
390.09600 312.48384 71.00000 410.67346 9.29999 -90.06351
390.11400 312.48383 71.00000 410.65144 9.29999 -90.06351
390.13000 312.48382 71.00000 410.63072 9.29999 -90.06351
390.14700 312.48381 71.00000 410.60870 9.29999 -90.06351
390.16700 312.48379 71.00000 410.56596 9.29999 -90.06351
390.19600 312.48378 71.00000 410.54395 9.29999 -90.06351
390.21300 312.48377 71.00000 410.52193 9.29999 -90.06351
390.22900 312.48376 71.00000 410.50121 9.29999 -90.06351
390.24700 312.48375 71.00000 410.47919 9.29999 -90.06351
390.26400 312.48374 71.00000 410.45717 9.29999 -90.06351
390.27900 312.48373 71.00000 410.43645 9.29999 -90.06351
390.29600 312.48372 71.00000 410.41443 9.29999 -90.06351
390.31400 312.48371 71.00000 410.39241 9.29999 -90.06351
390.33000 312.48370 71.00000 410.37169 9.29999 -90.06351
390.34600 312.48369 71.00000 410.34967 9.29999 -90.06351
390.36400 312.48367 71.00000 410.32766 9.29999 -90.06351
390.38400 312.48365 71.00000 410.28362 9.29999 -90.06351
390.41400 312.48364 71.00000 410.26290 9.29999 -90.06351
390.42900 312.48363 71.00000 410.24218 9.29999 -90.06351
390.44600 312.48362 71.00000 410.22016 9.29999 -90.06351
390.46400 312.48361 71.00000 410.19814 9.29999 -90.06351
390.47900 312.48360 71.00000 410.17742 9.29999 -90.06351
390.49700 312.48359 71.00000 410.15540 9.29999 -90.06351
390.51400 312.48358 71.00000 410.13338 9.29999 -90.06351
390.53200 312.48357 71.00000 410.11266 9.29999 -90.06351
390.54600 312.48356 71.00000 410.09064 9.29999 -90.06351
390.56400 312.48355 71.00000 410.06863 9.29999 -90.06351
390.58000 312.48354 71.00000 410.04790 9.29999 -90.06351
390.59600 312.48353 71.00000 410.02588 9.29999 -90.06351
390.61500 312.48352 71.00000 410.00257 9.29999 -90.06351
390.63000 312.48351 71.00000 409.98314 9.29999 -90.06351
390.64700 312.48350 71.00000 409.96113 9.29999 -90.06351
390.66400 312.48349 71.00000 409.93911 9.29999 -90.06351
390.68100 312.48348 71.00000 409.91839 9.29999 -90.06351
390.69700 312.48347 71.00000 409.89507 9.29999 -90.06351
390.71400 312.48346 71.00000 409.87435 9.29999 -90.06351
390.73000 312.48345 71.00000 409.85233 9.29999 -90.06351
390.74800 312.48344 71.00000 409.83032 9.29999 -90.06351
390.76500 312.48343 71.00000 409.80959 9.29999 -90.06351
390.78000 312.48342 71.00000 409.78758 9.29999 -90.06351
390.79800 312.48341 71.00000 409.76556 9.29999 -90.06351
390.81400 312.48340 71.00000 409.74484 9.29999 -90.06351
390.83000 312.48339 71.00000 409.72282 9.29999 -90.06351
390.84800 312.48337 71.00000 409.70080 9.29999 -90.06351
390.86400 312.48336 71.00000 409.68008 9.29999 -90.06351
390.88000 312.48335 71.00000 409.65806 9.29999 -90.06351
390.89700 312.48334 71.00000 409.63734 9.29999 -90.06351
390.91400 312.48333 71.00000 409.61532 9.29999 -90.06351
390.93000 312.48332 71.00000 409.59330 9.29999 -90.06351
390.94700 312.48331 71.00000 409.57258 9.29999 -90.06351
390.96400 312.48330 71.00000 409.55056 9.29999 -90.06351
390.97900 312.48329 71.00000 409.52984 9.29999 -90.06351
390.99700 312.48328 71.00000 409.50782 9.29999 -90.06351
391.01400 312.48327 71.00000 409.48581 9.29999 -90.06351
391.02900 312.48326 71.00000 409.46508 9.29999 -90.06351
391.04700 312.48325 71.00000 409.44307 9.29999 -90.06351
391.06400 312.48324 71.00000 409.42105 9.29999 -90.06351
391.08000 312.48323 71.00000 409.40033 9.29999 -90.06351
391.09600 312.48322 71.00000 409.37831 9.29999 -90.06351
391.11300 312.48321 71.00000 409.35629 9.29999 -90.06351
391.13000 312.48320 71.00000 409.33557 9.29999 -90.06351
391.15400 312.48318 71.00000 409.29153 9.29999 -90.06351
391.17900 312.48317 71.00000 409.27081 9.29999 -90.06351
391.19700 312.48316 71.00000 409.24879 9.29999 -90.06351
391.21400 312.48315 71.00000 409.22548 9.29999 -90.06351
391.23000 312.48314 71.00000 409.20476 9.29999 -90.06351
391.24700 312.48313 71.00000 409.18404 9.29999 -90.06351
391.26400 312.48312 71.00000 409.16202 9.29999 -90.06351
391.28000 312.48311 71.00000 409.14130 9.29999 -90.06351
391.29600 312.48310 71.00000 409.11928 9.29999 -90.06351
391.31300 312.48309 71.00000 409.09726 9.29999 -90.06351
391.33000 312.48308 71.00000 409.07654 9.29999 -90.06351
391.35000 312.48305 71.00000 409.03250 9.29999 -90.06351
391.37900 312.48304 71.00000 409.01178 9.29999 -90.06351
391.39600 312.48303 71.00000 408.98976 9.29999 -90.06351
391.41400 312.48302 71.00000 408.96645 9.29999 -90.06351
391.43000 312.48301 71.00000 408.94702 9.29999 -90.06351
391.44700 312.48300 71.00000 408.92500 9.29999 -90.06351
391.46500 312.48299 71.00000 408.90299 9.29999 -90.06351
391.48000 312.48298 71.00000 408.88226 9.29999 -90.06351
391.49700 312.48297 71.00000 408.85895 9.29999 -90.06351
391.51500 312.48296 71.00000 408.83693 9.29999 -90.06351
391.53100 312.48295 71.00000 408.81621 9.29999 -90.06351
391.54700 312.48294 71.00000 408.79419 9.29999 -90.06351
391.56500 312.48293 71.00000 408.77218 9.29999 -90.06351
391.58200 312.48292 71.00000 408.75145 9.29999 -90.06351
391.59700 312.48291 71.00000 408.72944 9.29999 -90.06351
391.61500 312.48290 71.00000 408.70871 9.29999 -90.06351
391.63000 312.48289 71.00000 408.68670 9.29999 -90.06351
391.64700 312.48288 71.00000 408.66468 9.29999 -90.06351
391.66400 312.48287 71.00000 408.64396 9.29999 -90.06351
391.68100 312.48286 71.00000 408.62194 9.29999 -90.06351
391.69700 312.48285 71.00000 408.59992 9.29999 -90.06351
391.71400 312.48284 71.00000 408.57920 9.29999 -90.06351
391.73100 312.48283 71.00000 408.55718 9.29999 -90.06351
391.74700 312.48282 71.00000 408.53646 9.29999 -90.06351
391.76500 312.48281 71.00000 408.51444 9.29999 -90.06351
391.78000 312.48280 71.00000 408.49242 9.29999 -90.06351
391.79700 312.48279 71.00000 408.47170 9.29999 -90.06351
391.81400 312.48278 71.00000 408.44968 9.29999 -90.06351
391.83400 312.48276 71.00000 408.42378 9.29999 -90.06351
391.86400 312.48274 71.00000 408.38493 9.29999 -90.06351
391.88000 312.48273 71.00000 408.36291 9.29999 -90.06351
391.89700 312.48272 71.00000 408.34219 9.29999 -90.06351
391.91400 312.48271 71.00000 408.32017 9.29999 -90.06351
391.93000 312.48270 71.00000 408.29945 9.29999 -90.06351
391.94700 312.48269 71.00000 408.27743 9.29999 -90.06351
391.96400 312.48268 71.00000 408.25541 9.29999 -90.06351
391.98000 312.48267 71.00000 408.23469 9.29999 -90.06351
391.99700 312.48266 71.00000 408.21267 9.29999 -90.06351
392.01500 312.48265 71.00000 408.19065 9.29999 -90.06351
392.03000 312.48264 71.00000 408.16863 9.29999 -90.06351
392.04700 312.48263 71.00000 408.14791 9.29999 -90.06351
392.07100 312.48262 71.00000 408.11683 9.29999 -90.06351
392.08800 312.48261 71.00000 408.09481 9.29999 -90.06351
392.10400 312.48259 71.00000 408.06114 9.29999 -90.06351
392.13000 312.48258 71.00000 408.03912 9.29999 -90.06351
392.14700 312.48257 71.00000 408.01840 9.29999 -90.06351
392.16400 312.48256 71.00000 407.99508 9.29999 -90.06351
392.18600 312.48254 71.00000 407.95234 9.29999 -90.06351
392.22000 312.48252 71.00000 407.90960 9.29999 -90.06351
392.24700 312.48251 71.00000 407.88888 9.29999 -90.06351
392.26500 312.48250 71.00000 407.86686 9.29999 -90.06351
392.28700 312.48248 71.00000 407.82283 9.29999 -90.06351
392.32000 312.48245 71.00000 407.78009 9.29999 -90.06351
392.34700 312.48244 71.00000 407.75807 9.29999 -90.06351
392.36500 312.48243 71.00000 407.73605 9.29999 -90.06351
392.38700 312.48241 71.00000 407.69331 9.29999 -90.06351
392.42100 312.48239 71.00000 407.64928 9.29999 -90.06351
392.44800 312.48238 71.00000 407.62856 9.29999 -90.06351
392.46500 312.48237 71.00000 407.60654 9.29999 -90.06351
392.48700 312.48236 71.00000 407.57675 9.29999 -90.06351
392.50500 312.48234 71.00000 407.54308 9.29999 -90.06351
392.53100 312.48233 71.00000 407.52106 9.29999 -90.06351
392.54800 312.48232 71.00000 407.50034 9.29999 -90.06351
392.56400 312.48231 71.00000 407.47702 9.29999 -90.06351
392.58600 312.48229 71.00000 407.43428 9.29999 -90.06351
392.62000 312.48227 71.00000 407.39154 9.29999 -90.06351
392.64800 312.48226 71.00000 407.37082 9.29999 -90.06351
392.66800 312.48225 71.00000 407.34751 9.29999 -90.06351
392.68700 312.48223 71.00000 407.30477 9.29999 -90.06351
392.72100 312.48221 71.00000 407.26073 9.29999 -90.06351
392.74700 312.48220 71.00000 407.24130 9.29999 -90.06351
392.76500 312.48219 71.00000 407.21799 9.29999 -90.06351
392.78800 312.48217 71.00000 407.18820 9.29999 -90.06351
392.80700 312.48216 71.00000 407.15453 9.29999 -90.06351
392.83000 312.48214 71.00000 407.13251 9.29999 -90.06351
392.84700 312.48213 71.00000 407.11179 9.29999 -90.06351
392.86500 312.48212 71.00000 407.08977 9.29999 -90.06351
392.89000 312.48211 71.00000 407.05610 9.29999 -90.06351
392.91400 312.48209 71.00000 407.02501 9.29999 -90.06351
392.93100 312.48208 71.00000 407.00300 9.29999 -90.06351
392.94700 312.48207 71.00000 406.98227 9.29999 -90.06351
392.96500 312.48206 71.00000 406.95896 9.29999 -90.06351
392.98600 312.48204 71.00000 406.91622 9.29999 -90.06351
393.02000 312.48202 71.00000 406.87348 9.29999 -90.06351
393.04700 312.48201 71.00000 406.85276 9.29999 -90.06351
393.06400 312.48200 71.00000 406.82945 9.29999 -90.06351
393.08600 312.48198 71.00000 406.78671 9.29999 -90.06351
393.12000 312.48196 71.00000 406.74397 9.29999 -90.06351
393.14700 312.48195 71.00000 406.72195 9.29999 -90.06351
393.16500 312.48194 71.00000 406.69993 9.29999 -90.06351
393.18700 312.48192 71.00000 406.65719 9.29999 -90.06351
393.22000 312.48190 71.00000 406.61445 9.29999 -90.06351
393.24700 312.48189 71.00000 406.59243 9.29999 -90.06351
393.26400 312.48188 71.00000 406.57042 9.29999 -90.06351
393.28700 312.48186 71.00000 406.52768 9.29999 -90.06351
393.32000 312.48183 71.00000 406.48493 9.29999 -90.06351
393.34700 312.48182 71.00000 406.46421 9.29999 -90.06351
393.36500 312.48181 71.00000 406.44219 9.29999 -90.06351
393.38800 312.48179 71.00000 406.39816 9.29999 -90.06351
393.42000 312.48177 71.00000 406.35542 9.29999 -90.06351
393.44700 312.48176 71.00000 406.33470 9.29999 -90.06351
393.46400 312.48175 71.00000 406.31268 9.29999 -90.06351
393.48600 312.48173 71.00000 406.26864 9.29999 -90.06351
393.52000 312.48171 71.00000 406.22590 9.29999 -90.06351
393.54700 312.48170 71.00000 406.20518 9.29999 -90.06351
393.56400 312.48169 71.00000 406.18187 9.29999 -90.06351
393.58600 312.48167 71.00000 406.13913 9.29999 -90.06351
393.62300 312.48165 71.00000 406.09639 9.29999 -90.06351
393.65000 312.48163 71.00000 406.05235 9.29999 -90.06351
393.68600 312.48161 71.00000 406.00961 9.29999 -90.06351
393.72100 312.48159 71.00000 405.96687 9.29999 -90.06351
393.74700 312.48158 71.00000 405.94615 9.29999 -90.06351
393.76600 312.48157 71.00000 405.92284 9.29999 -90.06351
393.78600 312.48155 71.00000 405.88010 9.29999 -90.06351
393.82000 312.48152 71.00000 405.83736 9.29999 -90.06351
393.84700 312.48151 71.00000 405.81664 9.29999 -90.06351
393.86500 312.48150 71.00000 405.79332 9.29999 -90.06351
393.88700 312.48149 71.00000 405.76353 9.29999 -90.06351
393.90400 312.48147 71.00000 405.72857 9.29999 -90.06351
393.93700 312.48146 71.00000 405.68583 9.29999 -90.06351
393.96400 312.48144 71.00000 405.66381 9.29999 -90.06351
393.98900 312.48143 71.00000 405.63272 9.29999 -90.06351
394.01400 312.48141 71.00000 405.59905 9.29999 -90.06351
394.03100 312.48140 71.00000 405.57703 9.29999 -90.06351
394.04900 312.48139 71.00000 405.55631 9.29999 -90.06351
394.06500 312.48138 71.00000 405.53429 9.29999 -90.06351
394.08800 312.48137 71.00000 405.50450 9.29999 -90.06351
394.10400 312.48135 71.00000 405.47083 9.29999 -90.06351
394.13100 312.48134 71.00000 405.44881 9.29999 -90.06351
394.14700 312.48133 71.00000 405.42809 9.29999 -90.06351
394.16400 312.48132 71.00000 405.40478 9.29999 -90.06351
394.18700 312.48130 71.00000 405.36204 9.29999 -90.06351
394.22100 312.48128 71.00000 405.31930 9.29999 -90.06351
394.24700 312.48127 71.00000 405.29857 9.29999 -90.06351
394.26400 312.48126 71.00000 405.27526 9.29999 -90.06351
394.28600 312.48124 71.00000 405.23252 9.29999 -90.06351
394.32000 312.48121 71.00000 405.18978 9.29999 -90.06351
394.34700 312.48120 71.00000 405.16906 9.29999 -90.06351
394.36600 312.48119 71.00000 405.14575 9.29999 -90.06351
394.38600 312.48117 71.00000 405.10301 9.29999 -90.06351
394.42000 312.48115 71.00000 405.05897 9.29999 -90.06351
394.44700 312.48114 71.00000 405.03954 9.29999 -90.06351
394.47400 312.48113 71.00000 405.01623 9.29999 -90.06351
394.49700 312.48111 71.00000 404.95667 9.29999 -90.06351
394.51300 312.48110 71.00000 404.95277 9.29999 -90.06351
394.53000 312.48109 71.00000 404.93075 9.29999 -90.06351
394.54700 312.48108 71.00000 404.91003 9.29999 -90.06351
394.56400 312.48107 71.00000 404.88801 9.29999 -90.06351
394.58600 312.48105 71.00000 404.84398 9.29999 -90.06351
394.62000 312.48103 71.00000 404.80124 9.29999 -90.06351
394.64800 312.48102 71.00000 404.78051 9.29999 -90.06351
394.66500 312.48101 71.00000 404.75720 9.29999 -90.06351
394.68700 312.48099 71.00000 404.71446 9.29999 -90.06351
394.72100 312.48097 71.00000 404.67172 9.29999 -90.06351
394.74800 312.48096 71.00000 404.64970 9.29999 -90.06351
394.76500 312.48095 71.00000 404.62768 9.29999 -90.06351
394.78700 312.48093 71.00000 404.59790 9.29999 -90.06351
394.80500 312.48091 71.00000 404.56293 9.29999 -90.06351
394.83100 312.48090 71.00000 404.54220 9.29999 -90.06351
394.84800 312.48089 71.00000 404.52019 9.29999 -90.06351
394.86700 312.48088 71.00000 404.49687 9.29999 -90.06351
394.88700 312.48086 71.00000 404.45543 9.29999 -90.06351
394.92100 312.48084 71.00000 404.41269 9.29999 -90.06351
394.94700 312.48083 71.00000 404.39197 9.29999 -90.06351
394.96600 312.48082 71.00000 404.36865 9.29999 -90.06351
394.98700 312.48080 71.00000 404.32591 9.29999 -90.06351
395.02100 312.48078 71.00000 404.28317 9.29999 -90.06351
395.04800 312.48077 71.00000 404.26245 9.29999 -90.06351
395.06500 312.48076 71.00000 404.23914 9.29999 -90.06351
395.08700 312.48074 71.00000 404.19640 9.29999 -90.06351
395.12100 312.48072 71.00000 404.15236 9.29999 -90.06351
395.14700 312.48071 71.00000 404.13164 9.29999 -90.06351
395.16500 312.48070 71.00000 404.10962 9.29999 -90.06351
395.18600 312.48068 71.00000 404.06688 9.29999 -90.06351
395.22100 312.48066 71.00000 404.02414 9.29999 -90.06351
395.24700 312.48065 71.00000 404.00342 9.29999 -90.06351
395.26500 312.48064 71.00000 403.98011 9.29999 -90.06351
395.28700 312.48062 71.00000 403.93737 9.29999 -90.06351
395.32000 312.48059 71.00000 403.89463 9.29999 -90.06351
395.34700 312.48058 71.00000 403.87391 9.29999 -90.06351
395.36400 312.48057 71.00000 403.85059 9.29999 -90.06351
395.38700 312.48055 71.00000 403.80785 9.29999 -90.06351
395.42100 312.48053 71.00000 403.76511 9.29999 -90.06351
395.44700 312.48052 71.00000 403.74439 9.29999 -90.06351
395.46400 312.48051 71.00000 403.72108 9.29999 -90.06351
395.48700 312.48049 71.00000 403.67834 9.29999 -90.06351
395.52100 312.48047 71.00000 403.63430 9.29999 -90.06351
395.54800 312.48046 71.00000 403.61358 9.29999 -90.06351
395.56500 312.48045 71.00000 403.59156 9.29999 -90.06351
395.58700 312.48044 71.00000 403.56177 9.29999 -90.06351
395.60500 312.48042 71.00000 403.52680 9.29999 -90.06351
395.63100 312.48041 71.00000 403.50608 9.29999 -90.06351
395.64700 312.48040 71.00000 403.48406 9.29999 -90.06351
395.66500 312.48039 71.00000 403.46205 9.29999 -90.06351
395.68700 312.48037 71.00000 403.41931 9.29999 -90.06351
395.72100 312.48035 71.00000 403.37657 9.29999 -90.06351
395.74700 312.48034 71.00000 403.35584 9.29999 -90.06351
395.76500 312.48033 71.00000 403.33253 9.29999 -90.06351
395.78700 312.48030 71.00000 403.28979 9.29999 -90.06351
395.82100 312.48028 71.00000 403.24576 9.29999 -90.06351
395.84800 312.48027 71.00000 403.22503 9.29999 -90.06351
395.86500 312.48026 71.00000 403.20302 9.29999 -90.06351
395.88600 312.48024 71.00000 403.15898 9.29999 -90.06351
395.92000 312.48022 71.00000 403.11754 9.29999 -90.06351
395.94700 312.48021 71.00000 403.09552 9.29999 -90.06351
395.96500 312.48020 71.00000 403.07350 9.29999 -90.06351
395.98600 312.48018 71.00000 403.03076 9.29999 -90.06351
396.02100 312.48016 71.00000 402.98802 9.29999 -90.06351
396.04800 312.48015 71.00000 402.96600 9.29999 -90.06351
396.06500 312.48014 71.00000 402.94398 9.29999 -90.06351
396.08700 312.48012 71.00000 402.90124 9.29999 -90.06351
396.12100 312.48010 71.00000 402.85850 9.29999 -90.06351
396.14700 312.48009 71.00000 402.83778 9.29999 -90.06351
396.16500 312.48008 71.00000 402.81447 9.29999 -90.06351
396.18700 312.48006 71.00000 402.77173 9.29999 -90.06351
396.22000 312.48004 71.00000 402.72899 9.29999 -90.06351
396.24800 312.48003 71.00000 402.70827 9.29999 -90.06351
396.26500 312.48002 71.00000 402.68495 9.29999 -90.06351
396.28700 312.47999 71.00000 402.64221 9.29999 -90.06351
396.32000 312.47997 71.00000 402.59947 9.29999 -90.06351
396.34800 312.47996 71.00000 402.57746 9.29999 -90.06351
396.36500 312.47995 71.00000 402.55544 9.29999 -90.06351
396.38700 312.47993 71.00000 402.51270 9.29999 -90.06351
396.42000 312.47991 71.00000 402.46996 9.29999 -90.06351
396.44800 312.47990 71.00000 402.44794 9.29999 -90.06351
396.46600 312.47989 71.00000 402.42592 9.29999 -90.06351
396.48700 312.47988 71.00000 402.39613 9.29999 -90.06351
396.50400 312.47986 71.00000 402.36117 9.29999 -90.06351
396.53100 312.47985 71.00000 402.34044 9.29999 -90.06351
396.54700 312.47984 71.00000 402.31972 9.29999 -90.06351
396.56800 312.47983 71.00000 402.29641 9.29999 -90.06351
396.58700 312.47981 71.00000 402.25367 9.29999 -90.06351
396.62100 312.47979 71.00000 402.21093 9.29999 -90.06351
396.64700 312.47978 71.00000 402.19021 9.29999 -90.06351
396.66500 312.47977 71.00000 402.16689 9.29999 -90.06351
396.68700 312.47975 71.00000 402.12415 9.29999 -90.06351
396.72100 312.47973 71.00000 402.08012 9.29999 -90.06351
396.74700 312.47972 71.00000 402.06069 9.29999 -90.06351
396.76500 312.47971 71.00000 402.03738 9.29999 -90.06351
396.78600 312.47968 71.00000 401.99464 9.29999 -90.06351
396.82100 312.47966 71.00000 401.95060 9.29999 -90.06351
396.84700 312.47965 71.00000 401.93117 9.29999 -90.06351
396.86400 312.47964 71.00000 401.90786 9.29999 -90.06351
396.88600 312.47962 71.00000 401.86512 9.29999 -90.06351
396.92100 312.47960 71.00000 401.82109 9.29999 -90.06351
396.94700 312.47959 71.00000 401.80166 9.29999 -90.06351
396.96500 312.47958 71.00000 401.77835 9.29999 -90.06351
396.98700 312.47956 71.00000 401.73561 9.29999 -90.06351
397.02000 312.47954 71.00000 401.69157 9.29999 -90.06351
397.04800 312.47953 71.00000 401.67085 9.29999 -90.06351
397.06500 312.47952 71.00000 401.64883 9.29999 -90.06351
397.08700 312.47950 71.00000 401.60609 9.29999 -90.06351
397.12300 312.47948 71.00000 401.56206 9.29999 -90.06351
397.14800 312.47947 71.00000 401.54133 9.29999 -90.06351
397.16500 312.47946 71.00000 401.51932 9.29999 -90.06351
397.18700 312.47944 71.00000 401.48953 9.29999 -90.06351
397.20400 312.47943 71.00000 401.45456 9.29999 -90.06351
397.23100 312.47942 71.00000 401.43254 9.29999 -90.06351
397.24800 312.47941 71.00000 401.41182 9.29999 -90.06351
397.26400 312.47940 71.00000 401.38980 9.29999 -90.06351
397.28700 312.47937 71.00000 401.34706 9.29999 -90.06351
397.32000 312.47935 71.00000 401.30432 9.29999 -90.06351
397.34700 312.47934 71.00000 401.28360 9.29999 -90.06351
397.36500 312.47933 71.00000 401.26029 9.29999 -90.06351
397.38700 312.47931 71.00000 401.21755 9.29999 -90.06351
397.42100 312.47929 71.00000 401.17351 9.29999 -90.06351
397.44700 312.47928 71.00000 401.15408 9.29999 -90.06351
397.46400 312.47927 71.00000 401.13077 9.29999 -90.06351
397.48600 312.47925 71.00000 401.08803 9.29999 -90.06351
397.52300 312.47923 71.00000 401.04399 9.29999 -90.06351
397.54800 312.47922 71.00000 401.02327 9.29999 -90.06351
397.56500 312.47921 71.00000 401.00125 9.29999 -90.06351
397.58700 312.47919 71.00000 400.95851 9.29999 -90.06351
397.62000 312.47917 71.00000 400.91577 9.29999 -90.06351
397.64700 312.47916 71.00000 400.89505 9.29999 -90.06351
397.66400 312.47915 71.00000 400.87174 9.29999 -90.06351
397.68600 312.47913 71.00000 400.82900 9.29999 -90.06351
397.72300 312.47911 71.00000 400.78626 9.29999 -90.06351
397.75000 312.47909 71.00000 400.74222 9.29999 -90.06351
397.79000 312.47906 71.00000 400.69948 9.29999 -90.06351
397.82000 312.47904 71.00000 400.65674 9.29999 -90.06351
397.84800 312.47903 71.00000 400.63602 9.29999 -90.06351
397.86500 312.47902 71.00000 400.61271 9.29999 -90.06351
397.89400 312.47900 71.00000 400.56090 9.29999 -90.06351
397.92000 312.47898 71.00000 400.52723 9.29999 -90.06351
397.94700 312.47897 71.00000 400.50521 9.29999 -90.06351
397.96500 312.47896 71.00000 400.48319 9.29999 -90.06351
397.98700 312.47894 71.00000 400.44045 9.29999 -90.06351
398.02100 312.47892 71.00000 400.39771 9.29999 -90.06351
398.04800 312.47891 71.00000 400.37570 9.29999 -90.06351
398.06500 312.47890 71.00000 400.35368 9.29999 -90.06351
398.08700 312.47888 71.00000 400.31094 9.29999 -90.06351
398.12100 312.47886 71.00000 400.26820 9.29999 -90.06351
398.14700 312.47885 71.00000 400.24747 9.29999 -90.06351
398.16500 312.47884 71.00000 400.22416 9.29999 -90.06351
398.18600 312.47882 71.00000 400.18142 9.29999 -90.06351
398.22000 312.47880 71.00000 400.13868 9.29999 -90.06351
398.24700 312.47879 71.00000 400.11796 9.29999 -90.06351
398.26500 312.47878 71.00000 400.09465 9.29999 -90.06351
398.28700 312.47875 71.00000 400.05191 9.29999 -90.06351
398.32000 312.47873 71.00000 400.00917 9.29999 -90.06351
398.34600 312.47872 71.00000 399.98844 9.29999 -90.06351
398.36600 312.47870 71.00000 399.94441 9.29999 -90.06351
398.40400 312.47868 71.00000 399.90037 9.29999 -90.06351
398.43100 312.47867 71.00000 399.87965 9.29999 -90.06351
398.44700 312.47866 71.00000 399.85763 9.29999 -90.06351
398.46500 312.47865 71.00000 399.83562 9.29999 -90.06351
398.48800 312.47863 71.00000 399.79158 9.29999 -90.06351
398.52000 312.47861 71.00000 399.74884 9.29999 -90.06351
398.54900 312.47860 71.00000 399.72812 9.29999 -90.06351
398.56500 312.47859 71.00000 399.70610 9.29999 -90.06351
398.58800 312.47856 71.00000 399.66205 9.29999 -90.06351
398.61400 312.47856 71.00000 399.64134 9.29999 -90.06351
398.63100 312.47855 71.00000 399.62062 9.29999 -90.06351
398.64800 312.47854 71.00000 399.59860 9.29999 -90.06351
398.66400 312.47853 71.00000 399.57659 9.29999 -90.06351
398.68700 312.47851 71.00000 399.53385 9.29999 -90.06351
398.71400 312.47850 71.00000 399.51183 9.29999 -90.06351
398.73000 312.47849 71.00000 399.49111 9.29999 -90.06351
398.74700 312.47848 71.00000 399.46909 9.29999 -90.06351
398.77000 312.47846 71.00000 399.43930 9.29999 -90.06351
398.78700 312.47844 71.00000 399.40433 9.29999 -90.06351
398.82000 312.47842 71.00000 399.36159 9.29999 -90.06351
398.84800 312.47841 71.00000 399.33957 9.29999 -90.06351
398.86400 312.47840 71.00000 399.31755 9.29999 -90.06351
398.88600 312.47838 71.00000 399.27611 9.29999 -90.06351
398.92000 312.47836 71.00000 399.23207 9.29999 -90.06351
398.94600 312.47835 71.00000 399.21135 9.29999 -90.06351
398.96400 312.47834 71.00000 399.18933 9.29999 -90.06351
398.98600 312.47832 71.00000 399.14530 9.29999 -90.06351
399.01900 312.47830 71.00000 399.10256 9.29999 -90.06351
399.04700 312.47829 71.00000 399.08184 9.29999 -90.06351
399.06400 312.47828 71.00000 399.05982 9.29999 -90.06351
399.08500 312.47826 71.00000 399.01578 9.29999 -90.06351
399.12000 312.47824 71.00000 398.97304 9.29999 -90.06351
399.14600 312.47823 71.00000 398.95232 9.29999 -90.06351
399.16400 312.47822 71.00000 398.93030 9.29999 -90.06351
399.18500 312.47820 71.00000 398.88756 9.29999 -90.06351
399.22000 312.47818 71.00000 398.84353 9.29999 -90.06351
399.24600 312.47817 71.00000 398.82281 9.29999 -90.06351
399.26500 312.47816 71.00000 398.80079 9.29999 -90.06351
399.28600 312.47814 71.00000 398.75805 9.29999 -90.06351
399.31900 312.47811 71.00000 398.71401 9.29999 -90.06351
399.34600 312.47810 71.00000 398.69329 9.29999 -90.06351
399.36400 312.47809 71.00000 398.67127 9.29999 -90.06351
399.38500 312.47807 71.00000 398.62724 9.29999 -90.06351
399.42500 312.47805 71.00000 398.58191 9.29999 -90.06351
399.44600 312.47804 71.00000 398.56378 9.29999 -90.06351
399.46400 312.47803 71.00000 398.54176 9.29999 -90.06351
399.48600 312.47801 71.00000 398.49772 9.29999 -90.06351
399.51900 312.47799 71.00000 398.45498 9.29999 -90.06351
399.54700 312.47798 71.00000 398.43296 9.29999 -90.06351
399.56400 312.47797 71.00000 398.41224 9.29999 -90.06351
399.58600 312.47795 71.00000 398.36821 9.29999 -90.06351
399.62000 312.47793 71.00000 398.32547 9.29999 -90.06351
399.64700 312.47792 71.00000 398.30345 9.29999 -90.06351
399.66500 312.47791 71.00000 398.28273 9.29999 -90.06351
399.68700 312.47789 71.00000 398.23999 9.29999 -90.06351
399.72000 312.47787 71.00000 398.19595 9.29999 -90.06351
399.74800 312.47786 71.00000 398.17393 9.29999 -90.06351
399.76400 312.47785 71.00000 398.15321 9.29999 -90.06351
399.78600 312.47782 71.00000 398.10918 9.29999 -90.06351
399.82000 312.47780 71.00000 398.06644 9.29999 -90.06351
399.84600 312.47779 71.00000 398.04571 9.29999 -90.06351
399.86400 312.47778 71.00000 398.02240 9.29999 -90.06351
399.88600 312.47776 71.00000 397.98096 9.29999 -90.06351
399.91900 312.47774 71.00000 397.93692 9.29999 -90.06351
399.94600 312.47773 71.00000 397.91620 9.29999 -90.06351
399.96300 312.47772 71.00000 397.89418 9.29999 -90.06351
399.98600 312.47770 71.00000 397.85144 9.29999 -90.06351
400.02000 312.47768 71.00000 397.80741 9.29999 -90.06351
400.04700 312.47767 71.00000 397.78668 9.29999 -90.06351
400.06500 312.47766 71.00000 397.76467 9.29999 -90.06351
400.08600 312.47764 71.00000 397.72193 9.29999 -90.06351
400.11900 312.47762 71.00000 397.67789 9.29999 -90.06351
400.14700 312.47761 71.00000 397.65717 9.29999 -90.06351
400.16400 312.47760 71.00000 397.63515 9.29999 -90.06351
400.18600 312.47758 71.00000 397.59111 9.29999 -90.06351
400.22000 312.47756 71.00000 397.54837 9.29999 -90.06351
400.24700 312.47755 71.00000 397.52765 9.29999 -90.06351
400.26300 312.47754 71.00000 397.50563 9.29999 -90.06351
400.28600 312.47752 71.00000 397.46289 9.29999 -90.06351
400.31900 312.47749 71.00000 397.41886 9.29999 -90.06351
400.34800 312.47748 71.00000 397.39814 9.29999 -90.06351
400.36400 312.47747 71.00000 397.37612 9.29999 -90.06351
400.39000 312.47745 71.00000 397.33208 9.29999 -90.06351
400.41900 312.47743 71.00000 397.28934 9.29999 -90.06351
400.44700 312.47742 71.00000 397.26862 9.29999 -90.06351
400.46400 312.47741 71.00000 397.24660 9.29999 -90.06351
400.48600 312.47739 71.00000 397.20386 9.29999 -90.06351
400.51900 312.47737 71.00000 397.15983 9.29999 -90.06351
400.54600 312.47736 71.00000 397.13911 9.29999 -90.06351
400.56400 312.47735 71.00000 397.11709 9.29999 -90.06351
400.58600 312.47733 71.00000 397.07305 9.29999 -90.06351
400.61900 312.47731 71.00000 397.03031 9.29999 -90.06351
400.64600 312.47730 71.00000 397.00959 9.29999 -90.06351
400.66400 312.47729 71.00000 396.98628 9.29999 -90.06351
400.68600 312.47727 71.00000 396.94354 9.29999 -90.06351
400.71900 312.47725 71.00000 396.90080 9.29999 -90.06351
400.74700 312.47724 71.00000 396.88008 9.29999 -90.06351
400.76400 312.47723 71.00000 396.85806 9.29999 -90.06351
400.78600 312.47720 71.00000 396.81402 9.29999 -90.06351
400.82000 312.47718 71.00000 396.77128 9.29999 -90.06351
400.84700 312.47717 71.00000 396.75056 9.29999 -90.06351
400.86400 312.47716 71.00000 396.72854 9.29999 -90.06351
400.88700 312.47714 71.00000 396.68451 9.29999 -90.06351
400.92000 312.47712 71.00000 396.64177 9.29999 -90.06351
400.94800 312.47711 71.00000 396.62104 9.29999 -90.06351
400.96400 312.47710 71.00000 396.59903 9.29999 -90.06351
400.98600 312.47708 71.00000 396.55629 9.29999 -90.06351
401.02000 312.47706 71.00000 396.51225 9.29999 -90.06351
401.04800 312.47705 71.00000 396.49153 9.29999 -90.06351
401.06400 312.47704 71.00000 396.46822 9.29999 -90.06351
401.08600 312.47702 71.00000 396.42548 9.29999 -90.06351
401.12000 312.47700 71.00000 396.38274 9.29999 -90.06351
401.14900 312.47699 71.00000 396.36072 9.29999 -90.06351
401.16400 312.47698 71.00000 396.34000 9.29999 -90.06351
401.18700 312.47696 71.00000 396.30891 9.29999 -90.06351
401.20300 312.47695 71.00000 396.27394 9.29999 -90.06351
401.23900 312.47694 71.00000 396.25322 9.29999 -90.06351
401.25500 312.47695 71.00000 396.24106 9.29999 -90.06351
401.28700 312.47696 71.00000 396.23820 9.29999 -90.06351
401.30300 312.47698 71.00000 396.25179 9.29999 -90.06351
401.33000 312.47699 71.00000 396.26068 9.29999 -90.06351
401.34800 312.47700 71.00000 396.27221 9.29999 -90.06351
401.36400 312.47701 71.00000 396.28706 9.29999 -90.06351
401.38600 312.47703 71.00000 396.31761 9.29999 -90.06351
401.41900 312.47705 71.00000 396.35381 9.29999 -90.06351
401.44700 312.47706 71.00000 396.37179 9.29999 -90.06351
401.46300 312.47707 71.00000 396.39167 9.29999 -90.06351
401.48600 312.47709 71.00000 396.43078 9.29999 -90.06351
401.51900 312.47711 71.00000 396.47248 9.29999 -90.06351
401.54700 312.47712 71.00000 396.49239 9.29999 -90.06351
401.56400 312.47713 71.00000 396.51377 9.29999 -90.06351
401.58700 312.47715 71.00000 396.55670 9.29999 -90.06351
401.62000 312.47718 71.00000 396.59876 9.29999 -90.06351
401.64600 312.47719 71.00000 396.61924 9.29999 -90.06351
401.66300 312.47720 71.00000 396.64107 9.29999 -90.06351
401.68600 312.47722 71.00000 396.68478 9.29999 -90.06351
401.71900 312.47724 71.00000 396.72732 9.29999 -90.06351
401.74700 312.47725 71.00000 396.74797 9.29999 -90.06351
401.76400 312.47726 71.00000 396.76993 9.29999 -90.06351
401.78600 312.47728 71.00000 396.81386 9.29999 -90.06351
401.81900 312.47730 71.00000 396.85654 9.29999 -90.06351
401.84600 312.47731 71.00000 396.87724 9.29999 -90.06351
401.86400 312.47732 71.00000 396.89925 9.29999 -90.06351
401.88600 312.47734 71.00000 396.94325 9.29999 -90.06351
401.92000 312.47736 71.00000 396.98597 9.29999 -90.06351
401.94600 312.47737 71.00000 397.00669 9.29999 -90.06351
401.96400 312.47738 71.00000 397.03000 9.29999 -90.06351
401.98600 312.47740 71.00000 397.07273 9.29999 -90.06351
402.02200 312.47742 71.00000 397.11546 9.29999 -90.06351
402.04900 312.47743 71.00000 397.13748 9.29999 -90.06351
402.06700 312.47744 71.00000 397.15949 9.29999 -90.06351
402.08900 312.47746 71.00000 397.20223 9.29999 -90.06351
402.12300 312.47749 71.00000 397.24497 9.29999 -90.06351
402.14700 312.47750 71.00000 397.26699 9.29999 -90.06351
402.16500 312.47751 71.00000 397.28901 9.29999 -90.06351
402.18600 312.47753 71.00000 397.33174 9.29999 -90.06351
402.21900 312.47755 71.00000 397.37448 9.29999 -90.06351
402.24600 312.47756 71.00000 397.39521 9.29999 -90.06351
402.26400 312.47757 71.00000 397.41722 9.29999 -90.06351
402.28600 312.47759 71.00000 397.46126 9.29999 -90.06351
402.32000 312.47761 71.00000 397.50400 9.29999 -90.06351
402.34700 312.47762 71.00000 397.52602 9.29999 -90.06351
402.36400 312.47763 71.00000 397.54674 9.29999 -90.06351
402.38600 312.47765 71.00000 397.59077 9.29999 -90.06351
402.41900 312.47767 71.00000 397.63351 9.29999 -90.06351
402.44700 312.47768 71.00000 397.65553 9.29999 -90.06351
402.46400 312.47769 71.00000 397.67625 9.29999 -90.06351
402.48700 312.47771 71.00000 397.70734 9.29999 -90.06351
402.50400 312.47772 71.00000 397.74101 9.29999 -90.06351
402.53000 312.47773 71.00000 397.76303 9.29999 -90.06351
402.54600 312.47774 71.00000 397.78375 9.29999 -90.06351
402.56400 312.47775 71.00000 397.80577 9.29999 -90.06351
402.58500 312.47777 71.00000 397.84980 9.29999 -90.06351
402.62000 312.47780 71.00000 397.89254 9.29999 -90.06351
402.64600 312.47781 71.00000 397.91327 9.29999 -90.06351
402.66400 312.47782 71.00000 397.93528 9.29999 -90.06351
402.68600 312.47784 71.00000 397.97932 9.29999 -90.06351
402.72200 312.47786 71.00000 398.02206 9.29999 -90.06351
402.74700 312.47787 71.00000 398.04278 9.29999 -90.06351
402.76600 312.47788 71.00000 398.06610 9.29999 -90.06351
402.78900 312.47790 71.00000 398.10884 9.29999 -90.06351
402.82200 312.47792 71.00000 398.15158 9.29999 -90.06351
402.84800 312.47793 71.00000 398.17230 9.29999 -90.06351
402.86700 312.47794 71.00000 398.19561 9.29999 -90.06351
402.88600 312.47796 71.00000 398.23835 9.29999 -90.06351
402.91900 312.47798 71.00000 398.28109 9.29999 -90.06351
402.94600 312.47799 71.00000 398.30181 9.29999 -90.06351
402.96400 312.47800 71.00000 398.32383 9.29999 -90.06351
402.98600 312.47802 71.00000 398.36787 9.29999 -90.06351
403.01900 312.47804 71.00000 398.41061 9.29999 -90.06351
403.04600 312.47805 71.00000 398.43133 9.29999 -90.06351
403.06400 312.47806 71.00000 398.45335 9.29999 -90.06351
403.08600 312.47808 71.00000 398.49738 9.29999 -90.06351
403.12000 312.47811 71.00000 398.54012 9.29999 -90.06351
403.14700 312.47812 71.00000 398.56214 9.29999 -90.06351
403.16400 312.47813 71.00000 398.58416 9.29999 -90.06351
403.18700 312.47814 71.00000 398.61395 9.29999 -90.06351
403.20500 312.47816 71.00000 398.64891 9.29999 -90.06351
403.23100 312.47817 71.00000 398.66964 9.29999 -90.06351
403.24700 312.47818 71.00000 398.69165 9.29999 -90.06351
403.26400 312.47819 71.00000 398.71367 9.29999 -90.06351
403.28700 312.47820 71.00000 398.74346 9.29999 -90.06351
403.30500 312.47822 71.00000 398.77713 9.29999 -90.06351
403.33100 312.47823 71.00000 398.79915 9.29999 -90.06351
403.34600 312.47824 71.00000 398.81987 9.29999 -90.06351
403.36500 312.47825 71.00000 398.84319 9.29999 -90.06351
403.38600 312.47827 71.00000 398.88593 9.29999 -90.06351
403.42000 312.47829 71.00000 398.92996 9.29999 -90.06351
403.44700 312.47830 71.00000 398.94939 9.29999 -90.06351
403.46500 312.47831 71.00000 398.97270 9.29999 -90.06351
403.48600 312.47833 71.00000 399.01544 9.29999 -90.06351
403.52100 312.47835 71.00000 399.05818 9.29999 -90.06351
403.54700 312.47836 71.00000 399.07891 9.29999 -90.06351
403.56500 312.47837 71.00000 399.10222 9.29999 -90.06351
403.58600 312.47840 71.00000 399.14496 9.29999 -90.06351
403.62000 312.47842 71.00000 399.18770 9.29999 -90.06351
403.64700 312.47843 71.00000 399.20842 9.29999 -90.06351
403.66500 312.47844 71.00000 399.23173 9.29999 -90.06351
403.69100 312.47845 71.00000 399.26411 9.29999 -90.06351
403.71100 312.47847 71.00000 399.30167 9.29999 -90.06351
403.73000 312.47848 71.00000 399.31721 9.29999 -90.06351
403.74700 312.47849 71.00000 399.33794 9.29999 -90.06351
403.76500 312.47850 71.00000 399.36254 9.29999 -90.06351
403.78900 312.47851 71.00000 399.39104 9.29999 -90.06351
403.80900 312.47853 71.00000 399.42989 9.29999 -90.06351
403.83000 312.47854 71.00000 399.44673 9.29999 -90.06351
403.84700 312.47855 71.00000 399.46875 9.29999 -90.06351
403.86500 312.47856 71.00000 399.49076 9.29999 -90.06351
403.88700 312.47858 71.00000 399.53350 9.29999 -90.06351
403.92000 312.47860 71.00000 399.57754 9.29999 -90.06351
403.94700 312.47861 71.00000 399.59826 9.29999 -90.06351
403.96400 312.47862 71.00000 399.62028 9.29999 -90.06351
403.98700 312.47864 71.00000 399.66302 9.29999 -90.06351
404.02000 312.47866 71.00000 399.70576 9.29999 -90.06351
404.04800 312.47867 71.00000 399.72778 9.29999 -90.06351
404.06500 312.47868 71.00000 399.74979 9.29999 -90.06351
404.08700 312.47870 71.00000 399.77958 9.29999 -90.06351
404.10400 312.47872 71.00000 399.81455 9.29999 -90.06351
404.13100 312.47873 71.00000 399.83527 9.29999 -90.06351
404.14700 312.47874 71.00000 399.85729 9.29999 -90.06351
404.16500 312.47875 71.00000 399.87931 9.29999 -90.06351
404.18700 312.47877 71.00000 399.92335 9.29999 -90.06351
404.22100 312.47879 71.00000 399.96609 9.29999 -90.06351
404.24700 312.47880 71.00000 399.98681 9.29999 -90.06351
404.26500 312.47881 71.00000 400.01012 9.29999 -90.06351
404.28600 312.47883 71.00000 400.05157 9.29999 -90.06351
404.32000 312.47885 71.00000 400.09560 9.29999 -90.06351
404.34700 312.47886 71.00000 400.11503 9.29999 -90.06351
404.36500 312.47887 71.00000 400.13834 9.29999 -90.06351
404.39300 312.47889 71.00000 400.17590 9.29999 -90.06351
404.40800 312.47890 71.00000 400.20439 9.29999 -90.06351
404.43000 312.47891 71.00000 400.22382 9.29999 -90.06351
404.44700 312.47892 71.00000 400.24584 9.29999 -90.06351
404.46500 312.47893 71.00000 400.26786 9.29999 -90.06351
404.48700 312.47895 71.00000 400.29764 9.29999 -90.06351
404.50400 312.47896 71.00000 400.33261 9.29999 -90.06351
404.53100 312.47897 71.00000 400.35463 9.29999 -90.06351
404.54700 312.47898 71.00000 400.37535 9.29999 -90.06351
404.56500 312.47899 71.00000 400.39737 9.29999 -90.06351
404.59200 312.47901 71.00000 400.43105 9.29999 -90.06351
404.60700 312.47903 71.00000 400.46213 9.29999 -90.06351
404.63100 312.47904 71.00000 400.48285 9.29999 -90.06351
404.64800 312.47905 71.00000 400.50487 9.29999 -90.06351
404.66500 312.47906 71.00000 400.52689 9.29999 -90.06351
404.68700 312.47908 71.00000 400.56963 9.29999 -90.06351
404.72100 312.47910 71.00000 400.61366 9.29999 -90.06351
404.74800 312.47911 71.00000 400.63438 9.29999 -90.06351
404.76500 312.47912 71.00000 400.65640 9.29999 -90.06351
404.78700 312.47913 71.00000 400.68619 9.29999 -90.06351
404.80400 312.47915 71.00000 400.72246 9.29999 -90.06351
404.83200 312.47916 71.00000 400.74318 9.29999 -90.06351
404.84800 312.47917 71.00000 400.76520 9.29999 -90.06351
404.86500 312.47918 71.00000 400.78592 9.29999 -90.06351
404.88700 312.47919 71.00000 400.81571 9.29999 -90.06351
404.91200 312.47921 71.00000 400.85456 9.29999 -90.06351
404.93500 312.47923 71.00000 400.89471 9.29999 -90.06351
404.96800 312.47924 71.00000 400.91673 9.29999 -90.06351
404.99300 312.47926 71.00000 400.94911 9.29999 -90.06351
405.01200 312.47927 71.00000 400.98278 9.29999 -90.06351
405.03500 312.47929 71.00000 401.02423 9.29999 -90.06351
405.06800 312.47931 71.00000 401.04624 9.29999 -90.06351
405.08700 312.47932 71.00000 401.07474 9.29999 -90.06351
405.10500 312.47934 71.00000 401.10971 9.29999 -90.06351
405.13000 312.47935 71.00000 401.13043 9.29999 -90.06351
405.14800 312.47936 71.00000 401.15245 9.29999 -90.06351
405.16700 312.47937 71.00000 401.17446 9.29999 -90.06351
405.19100 312.47938 71.00000 401.20425 9.29999 -90.06351
405.20800 312.47940 71.00000 401.24052 9.29999 -90.06351
405.23000 312.47941 71.00000 401.25994 9.29999 -90.06351
405.24800 312.47942 71.00000 401.28196 9.29999 -90.06351
405.26500 312.47943 71.00000 401.30398 9.29999 -90.06351
405.28700 312.47944 71.00000 401.33377 9.29999 -90.06351
405.30500 312.47946 71.00000 401.36874 9.29999 -90.06351
405.33100 312.47947 71.00000 401.38946 9.29999 -90.06351
405.34800 312.47948 71.00000 401.41148 9.29999 -90.06351
405.36500 312.47949 71.00000 401.43349 9.29999 -90.06351
405.38700 312.47951 71.00000 401.47753 9.29999 -90.06351
405.42300 312.47953 71.00000 401.52157 9.29999 -90.06351
405.44800 312.47954 71.00000 401.54099 9.29999 -90.06351
405.46500 312.47955 71.00000 401.56431 9.29999 -90.06351
405.48700 312.47957 71.00000 401.60705 9.29999 -90.06351
405.52100 312.47959 71.00000 401.64979 9.29999 -90.06351
405.54800 312.47960 71.00000 401.67180 9.29999 -90.06351
405.56500 312.47962 71.00000 401.69382 9.29999 -90.06351
405.58800 312.47963 71.00000 401.72231 9.29999 -90.06351
405.60500 312.47965 71.00000 401.75858 9.29999 -90.06351
405.63300 312.47966 71.00000 401.77930 9.29999 -90.06351
405.64900 312.47967 71.00000 401.80132 9.29999 -90.06351
405.66600 312.47968 71.00000 401.82204 9.29999 -90.06351
405.68800 312.47969 71.00000 401.85183 9.29999 -90.06351
405.70500 312.47971 71.00000 401.88680 9.29999 -90.06351
405.73200 312.47972 71.00000 401.90882 9.29999 -90.06351
405.74800 312.47973 71.00000 401.92954 9.29999 -90.06351
405.76600 312.47974 71.00000 401.95285 9.29999 -90.06351
405.78700 312.47975 71.00000 401.98134 9.29999 -90.06351
405.80500 312.47977 71.00000 402.01761 9.29999 -90.06351
405.83100 312.47978 71.00000 402.03704 9.29999 -90.06351
405.84800 312.47979 71.00000 402.05905 9.29999 -90.06351
405.86500 312.47980 71.00000 402.08237 9.29999 -90.06351
405.88800 312.47982 71.00000 402.11086 9.29999 -90.06351
405.90400 312.47983 71.00000 402.14712 9.29999 -90.06351
405.93200 312.47984 71.00000 402.16785 9.29999 -90.06351
405.94800 312.47985 71.00000 402.18857 9.29999 -90.06351
405.96600 312.47986 71.00000 402.21188 9.29999 -90.06351
405.98700 312.47988 71.00000 402.24038 9.29999 -90.06351
406.00500 312.47989 71.00000 402.27534 9.29999 -90.06351
406.03100 312.47990 71.00000 402.29736 9.29999 -90.06351
406.04800 312.47991 71.00000 402.31808 9.29999 -90.06351
406.06600 312.47993 71.00000 402.34140 9.29999 -90.06351
406.08700 312.47994 71.00000 402.36989 9.29999 -90.06351
406.10500 312.47996 71.00000 402.40615 9.29999 -90.06351
406.13200 312.47997 71.00000 402.42688 9.29999 -90.06351
406.14800 312.47998 71.00000 402.44890 9.29999 -90.06351
406.16600 312.47999 71.00000 402.47091 9.29999 -90.06351
406.18800 312.48000 71.00000 402.49941 9.29999 -90.06351
406.20500 312.48002 71.00000 402.53438 9.29999 -90.06351
406.23200 312.48003 71.00000 402.55639 9.29999 -90.06351
406.24900 312.48004 71.00000 402.57712 9.29999 -90.06351
406.26800 312.48005 71.00000 402.60043 9.29999 -90.06351
406.28800 312.48006 71.00000 402.62892 9.29999 -90.06351
406.30500 312.48008 71.00000 402.66519 9.29999 -90.06351
406.33200 312.48009 71.00000 402.68591 9.29999 -90.06351
406.35000 312.48010 71.00000 402.70793 9.29999 -90.06351
406.36600 312.48011 71.00000 402.72994 9.29999 -90.06351
406.38800 312.48013 71.00000 402.75844 9.29999 -90.06351
406.40500 312.48014 71.00000 402.79470 9.29999 -90.06351
406.43200 312.48015 71.00000 402.81542 9.29999 -90.06351
406.44900 312.48016 71.00000 402.83744 9.29999 -90.06351
406.46600 312.48017 71.00000 402.85946 9.29999 -90.06351
406.48900 312.48019 71.00000 402.88925 9.29999 -90.06351
406.50500 312.48020 71.00000 402.92292 9.29999 -90.06351
406.53200 312.48021 71.00000 402.94494 9.29999 -90.06351
406.54900 312.48022 71.00000 402.96566 9.29999 -90.06351
406.56600 312.48024 71.00000 402.98897 9.29999 -90.06351
406.58900 312.48025 71.00000 403.01747 9.29999 -90.06351
406.60700 312.48027 71.00000 403.05373 9.29999 -90.06351
406.63200 312.48028 71.00000 403.07445 9.29999 -90.06351
406.65000 312.48029 71.00000 403.09647 9.29999 -90.06351
406.66600 312.48030 71.00000 403.11849 9.29999 -90.06351
406.68800 312.48031 71.00000 403.14698 9.29999 -90.06351
406.70500 312.48033 71.00000 403.18325 9.29999 -90.06351
406.73200 312.48034 71.00000 403.20397 9.29999 -90.06351
406.74900 312.48035 71.00000 403.22469 9.29999 -90.06351
406.76600 312.48036 71.00000 403.24800 9.29999 -90.06351
406.78800 312.48037 71.00000 403.27650 9.29999 -90.06351
406.80500 312.48039 71.00000 403.31276 9.29999 -90.06351
406.83100 312.48040 71.00000 403.33348 9.29999 -90.06351
406.85000 312.48041 71.00000 403.35421 9.29999 -90.06351
406.86700 312.48042 71.00000 403.37752 9.29999 -90.06351
406.88800 312.48044 71.00000 403.40601 9.29999 -90.06351
406.90500 312.48045 71.00000 403.44228 9.29999 -90.06351
406.93200 312.48046 71.00000 403.46300 9.29999 -90.06351
406.95000 312.48047 71.00000 403.48502 9.29999 -90.06351
406.96700 312.48048 71.00000 403.50704 9.29999 -90.06351
406.98700 312.48050 71.00000 403.53553 9.29999 -90.06351
407.00500 312.48051 71.00000 403.57179 9.29999 -90.06351
407.03100 312.48052 71.00000 403.59122 9.29999 -90.06351
407.04900 312.48054 71.00000 403.61453 9.29999 -90.06351
407.06600 312.48055 71.00000 403.63655 9.29999 -90.06351
407.09700 312.48056 71.00000 403.66504 9.29999 -90.06351
407.11400 312.48058 71.00000 403.71037 9.29999 -90.06351
407.13400 312.48059 71.00000 403.72462 9.29999 -90.06351
407.16500 312.48061 71.00000 403.76607 9.29999 -90.06351
407.18900 312.48062 71.00000 403.79585 9.29999 -90.06351
407.20500 312.48064 71.00000 403.83082 9.29999 -90.06351
407.23500 312.48065 71.00000 403.85284 9.29999 -90.06351
407.26600 312.48067 71.00000 403.89558 9.29999 -90.06351
407.28900 312.48068 71.00000 403.92537 9.29999 -90.06351
407.30500 312.48070 71.00000 403.95904 9.29999 -90.06351
407.33200 312.48071 71.00000 403.98106 9.29999 -90.06351
407.34900 312.48072 71.00000 404.00178 9.29999 -90.06351
407.36700 312.48073 71.00000 404.02639 9.29999 -90.06351
407.38800 312.48075 71.00000 404.05359 9.29999 -90.06351
407.40500 312.48076 71.00000 404.08985 9.29999 -90.06351
407.43200 312.48077 71.00000 404.11058 9.29999 -90.06351
407.44900 312.48078 71.00000 404.13259 9.29999 -90.06351
407.46700 312.48079 71.00000 404.15461 9.29999 -90.06351
407.48800 312.48081 71.00000 404.18311 9.29999 -90.06351
407.50500 312.48082 71.00000 404.21937 9.29999 -90.06351
407.53200 312.48083 71.00000 404.24009 9.29999 -90.06351
407.54900 312.48084 71.00000 404.26081 9.29999 -90.06351
407.56600 312.48086 71.00000 404.28413 9.29999 -90.06351
407.58800 312.48087 71.00000 404.31262 9.29999 -90.06351
407.60500 312.48089 71.00000 404.34889 9.29999 -90.06351
407.63200 312.48090 71.00000 404.36961 9.29999 -90.06351
407.64900 312.48091 71.00000 404.39163 9.29999 -90.06351
407.66800 312.48092 71.00000 404.41494 9.29999 -90.06351
407.68900 312.48093 71.00000 404.44214 9.29999 -90.06351
407.70700 312.48095 71.00000 404.47840 9.29999 -90.06351
407.73200 312.48096 71.00000 404.49912 9.29999 -90.06351
407.75000 312.48097 71.00000 404.52114 9.29999 -90.06351
407.76700 312.48098 71.00000 404.54316 9.29999 -90.06351
407.78900 312.48099 71.00000 404.57165 9.29999 -90.06351
407.80500 312.48101 71.00000 404.60792 9.29999 -90.06351
407.83100 312.48102 71.00000 404.62864 9.29999 -90.06351
407.85000 312.48103 71.00000 404.65066 9.29999 -90.06351
407.86700 312.48104 71.00000 404.67397 9.29999 -90.06351
407.88800 312.48106 71.00000 404.70117 9.29999 -90.06351
407.90500 312.48107 71.00000 404.73743 9.29999 -90.06351
407.93300 312.48108 71.00000 404.75945 9.29999 -90.06351
407.95100 312.48109 71.00000 404.78147 9.29999 -90.06351
407.98800 312.48112 71.00000 404.83068 9.29999 -90.06351
408.00500 312.48113 71.00000 404.86695 9.29999 -90.06351
408.03200 312.48114 71.00000 404.88767 9.29999 -90.06351
408.05100 312.48116 71.00000 404.90969 9.29999 -90.06351
408.06600 312.48117 71.00000 404.93170 9.29999 -90.06351
408.08900 312.48118 71.00000 404.96149 9.29999 -90.06351
408.10500 312.48120 71.00000 404.99646 9.29999 -90.06351
408.13300 312.48121 71.00000 405.01718 9.29999 -90.06351
408.14900 312.48122 71.00000 405.03920 9.29999 -90.06351
408.16600 312.48123 71.00000 405.06122 9.29999 -90.06351
408.18800 312.48124 71.00000 405.08971 9.29999 -90.06351
408.20500 312.48126 71.00000 405.12598 9.29999 -90.06351
408.23200 312.48127 71.00000 405.14670 9.29999 -90.06351
408.24900 312.48128 71.00000 405.16872 9.29999 -90.06351
408.26600 312.48129 71.00000 405.19074 9.29999 -90.06351
408.28800 312.48130 71.00000 405.21923 9.29999 -90.06351
408.30500 312.48132 71.00000 405.25549 9.29999 -90.06351
408.33200 312.48133 71.00000 405.27622 9.29999 -90.06351
408.34800 312.48134 71.00000 405.29823 9.29999 -90.06351
408.36600 312.48135 71.00000 405.32025 9.29999 -90.06351
408.38700 312.48137 71.00000 405.34874 9.29999 -90.06351
408.40500 312.48138 71.00000 405.38501 9.29999 -90.06351
408.43100 312.48139 71.00000 405.40573 9.29999 -90.06351
408.44900 312.48140 71.00000 405.42645 9.29999 -90.06351
408.46600 312.48141 71.00000 405.44977 9.29999 -90.06351
408.48800 312.48143 71.00000 405.47826 9.29999 -90.06351
408.50500 312.48144 71.00000 405.51452 9.29999 -90.06351
408.53200 312.48145 71.00000 405.53525 9.29999 -90.06351
408.54800 312.48147 71.00000 405.55726 9.29999 -90.06351
408.56600 312.48148 71.00000 405.57928 9.29999 -90.06351
408.58800 312.48149 71.00000 405.60777 9.29999 -90.06351
408.60500 312.48151 71.00000 405.64404 9.29999 -90.06351
408.63200 312.48152 71.00000 405.66476 9.29999 -90.06351
408.64900 312.48153 71.00000 405.68678 9.29999 -90.06351
408.66600 312.48154 71.00000 405.70880 9.29999 -90.06351
408.68800 312.48155 71.00000 405.73729 9.29999 -90.06351
408.70600 312.48157 71.00000 405.77355 9.29999 -90.06351
408.73200 312.48158 71.00000 405.79557 9.29999 -90.06351
408.74900 312.48159 71.00000 405.81629 9.29999 -90.06351
408.76600 312.48160 71.00000 405.83831 9.29999 -90.06351
408.78900 312.48161 71.00000 405.86810 9.29999 -90.06351
408.80500 312.48163 71.00000 405.90307 9.29999 -90.06351
408.83200 312.48164 71.00000 405.92379 9.29999 -90.06351
408.84900 312.48165 71.00000 405.94581 9.29999 -90.06351
408.86600 312.48166 71.00000 405.96783 9.29999 -90.06351
408.88900 312.48168 71.00000 405.99762 9.29999 -90.06351
408.90500 312.48169 71.00000 406.03259 9.29999 -90.06351
408.93200 312.48170 71.00000 406.05331 9.29999 -90.06351
408.94900 312.48171 71.00000 406.07533 9.29999 -90.06351
408.96600 312.48172 71.00000 406.09734 9.29999 -90.06351
408.98900 312.48174 71.00000 406.12584 9.29999 -90.06351
409.00500 312.48175 71.00000 406.16210 9.29999 -90.06351
409.03200 312.48176 71.00000 406.18282 9.29999 -90.06351
409.04900 312.48178 71.00000 406.20484 9.29999 -90.06351
409.06700 312.48179 71.00000 406.22686 9.29999 -90.06351
409.08800 312.48180 71.00000 406.25535 9.29999 -90.06351
409.10500 312.48182 71.00000 406.29162 9.29999 -90.06351
409.13200 312.48183 71.00000 406.31234 9.29999 -90.06351
409.15000 312.48184 71.00000 406.33306 9.29999 -90.06351
409.16700 312.48185 71.00000 406.35637 9.29999 -90.06351
409.18800 312.48186 71.00000 406.38487 9.29999 -90.06351
409.20500 312.48188 71.00000 406.42113 9.29999 -90.06351
409.23200 312.48189 71.00000 406.44185 9.29999 -90.06351
409.24900 312.48190 71.00000 406.46387 9.29999 -90.06351
409.26600 312.48191 71.00000 406.48589 9.29999 -90.06351
409.28700 312.48192 71.00000 406.51438 9.29999 -90.06351
409.30500 312.48194 71.00000 406.55065 9.29999 -90.06351
409.33100 312.48195 71.00000 406.57137 9.29999 -90.06351
409.35000 312.48196 71.00000 406.59339 9.29999 -90.06351
409.36600 312.48197 71.00000 406.61540 9.29999 -90.06351
409.38800 312.48199 71.00000 406.64390 9.29999 -90.06351
409.40400 312.48200 71.00000 406.68016 9.29999 -90.06351
409.43100 312.48201 71.00000 406.70088 9.29999 -90.06351
409.44900 312.48202 71.00000 406.72290 9.29999 -90.06351
409.46600 312.48203 71.00000 406.74492 9.29999 -90.06351
409.48800 312.48205 71.00000 406.77341 9.29999 -90.06351
409.50500 312.48206 71.00000 406.80968 9.29999 -90.06351
409.53300 312.48207 71.00000 406.83040 9.29999 -90.06351
409.55100 312.48209 71.00000 406.85242 9.29999 -90.06351
409.56600 312.48210 71.00000 406.87444 9.29999 -90.06351
409.58800 312.48211 71.00000 406.90293 9.29999 -90.06351
409.60500 312.48213 71.00000 406.93919 9.29999 -90.06351
409.63200 312.48214 71.00000 406.95992 9.29999 -90.06351
409.65000 312.48215 71.00000 406.98193 9.29999 -90.06351
409.66700 312.48216 71.00000 407.00395 9.29999 -90.06351
409.68800 312.48217 71.00000 407.03244 9.29999 -90.06351
409.71100 312.48219 71.00000 407.07518 9.29999 -90.06351
409.73200 312.48220 71.00000 407.09073 9.29999 -90.06351
409.74900 312.48221 71.00000 407.11145 9.29999 -90.06351
409.76600 312.48222 71.00000 407.13347 9.29999 -90.06351
409.78800 312.48223 71.00000 407.16196 9.29999 -90.06351
409.80500 312.48225 71.00000 407.19822 9.29999 -90.06351
409.83100 312.48226 71.00000 407.21895 9.29999 -90.06351
409.84800 312.48227 71.00000 407.23967 9.29999 -90.06351
409.86600 312.48228 71.00000 407.26298 9.29999 -90.06351
409.88700 312.48230 71.00000 407.29147 9.29999 -90.06351
409.90500 312.48231 71.00000 407.32774 9.29999 -90.06351
409.93100 312.48232 71.00000 407.34846 9.29999 -90.06351
409.95000 312.48233 71.00000 407.36918 9.29999 -90.06351
409.96600 312.48234 71.00000 407.39250 9.29999 -90.06351
409.98800 312.48236 71.00000 407.42099 9.29999 -90.06351
410.00500 312.48237 71.00000 407.45725 9.29999 -90.06351
410.03100 312.48238 71.00000 407.47668 9.29999 -90.06351
410.04900 312.48239 71.00000 407.49870 9.29999 -90.06351
410.06700 312.48241 71.00000 407.52201 9.29999 -90.06351
410.08800 312.48242 71.00000 407.55051 9.29999 -90.06351
410.10500 312.48244 71.00000 407.58677 9.29999 -90.06351
410.13300 312.48245 71.00000 407.60879 9.29999 -90.06351
410.16500 312.48247 71.00000 407.65153 9.29999 -90.06351
410.18700 312.48248 71.00000 407.68002 9.29999 -90.06351
410.20500 312.48250 71.00000 407.71628 9.29999 -90.06351
410.23100 312.48251 71.00000 407.73701 9.29999 -90.06351
410.24800 312.48252 71.00000 407.75773 9.29999 -90.06351
410.26600 312.48253 71.00000 407.78104 9.29999 -90.06351
410.28800 312.48254 71.00000 407.80954 9.29999 -90.06351
410.30600 312.48256 71.00000 407.84580 9.29999 -90.06351
410.33100 312.48257 71.00000 407.86652 9.29999 -90.06351
410.34800 312.48258 71.00000 407.88854 9.29999 -90.06351
410.36600 312.48259 71.00000 407.91056 9.29999 -90.06351
410.38800 312.48261 71.00000 407.93905 9.29999 -90.06351
410.40500 312.48262 71.00000 407.97532 9.29999 -90.06351
410.43300 312.48263 71.00000 407.99733 9.29999 -90.06351
410.44900 312.48264 71.00000 408.01806 9.29999 -90.06351
410.46600 312.48265 71.00000 408.04007 9.29999 -90.06351
410.48800 312.48267 71.00000 408.08280 9.29999 -90.06351
410.51500 312.48268 71.00000 408.10483 9.29999 -90.06351
410.53200 312.48269 71.00000 408.12555 9.29999 -90.06351
410.54900 312.48271 71.00000 408.14757 9.29999 -90.06351
410.56600 312.48272 71.00000 408.16959 9.29999 -90.06351
410.58800 312.48273 71.00000 408.21232 9.29999 -90.06351
410.61500 312.48275 71.00000 408.23435 9.29999 -90.06351
410.63200 312.48276 71.00000 408.25507 9.29999 -90.06351
410.65200 312.48278 71.00000 408.29910 9.29999 -90.06351
410.68200 312.48279 71.00000 408.32112 9.29999 -90.06351
410.69900 312.48280 71.00000 408.34184 9.29999 -90.06351
410.71500 312.48281 71.00000 408.36386 9.29999 -90.06351
410.73300 312.48282 71.00000 408.38458 9.29999 -90.06351
410.74800 312.48283 71.00000 408.40660 9.29999 -90.06351
410.76500 312.48284 71.00000 408.42732 9.29999 -90.06351
410.78200 312.48285 71.00000 408.44934 9.29999 -90.06351
410.79800 312.48286 71.00000 408.47136 9.29999 -90.06351
410.81600 312.48287 71.00000 408.49338 9.29999 -90.06351
410.83200 312.48288 71.00000 408.51539 9.29999 -90.06351
410.85000 312.48289 71.00000 408.53612 9.29999 -90.06351
410.86600 312.48290 71.00000 408.55813 9.29999 -90.06351
410.88200 312.48291 71.00000 408.57886 9.29999 -90.06351
410.89900 312.48292 71.00000 408.60087 9.29999 -90.06351
410.91500 312.48293 71.00000 408.62160 9.29999 -90.06351
410.93100 312.48294 71.00000 408.64361 9.29999 -90.06351
410.94900 312.48295 71.00000 408.66563 9.29999 -90.06351
410.96600 312.48296 71.00000 408.68635 9.29999 -90.06351
410.98200 312.48297 71.00000 408.70967 9.29999 -90.06351
410.99800 312.48298 71.00000 408.72910 9.29999 -90.06351
411.01500 312.48300 71.00000 408.75241 9.29999 -90.06351
411.03100 312.48300 71.00000 408.77313 9.29999 -90.06351
411.04800 312.48301 71.00000 408.79385 9.29999 -90.06351
411.06600 312.48303 71.00000 408.81717 9.29999 -90.06351
411.08200 312.48304 71.00000 408.83789 9.29999 -90.06351
411.09800 312.48305 71.00000 408.85991 9.29999 -90.06351
411.11500 312.48306 71.00000 408.88063 9.29999 -90.06351
411.13200 312.48307 71.00000 408.90265 9.29999 -90.06351
411.14800 312.48308 71.00000 408.92466 9.29999 -90.06351
411.16600 312.48309 71.00000 408.94668 9.29999 -90.06351
411.18100 312.48310 71.00000 408.96740 9.29999 -90.06351
411.19800 312.48311 71.00000 408.98942 9.29999 -90.06351
411.21500 312.48312 71.00000 409.01014 9.29999 -90.06351
411.23100 312.48313 71.00000 409.03216 9.29999 -90.06351
411.24800 312.48314 71.00000 409.05418 9.29999 -90.06351
411.26400 312.48315 71.00000 409.07490 9.29999 -90.06351
411.28100 312.48316 71.00000 409.09692 9.29999 -90.06351
411.29800 312.48317 71.00000 409.11764 9.29999 -90.06351
411.31400 312.48318 71.00000 409.13966 9.29999 -90.06351
411.33100 312.48319 71.00000 409.16168 9.29999 -90.06351
411.34700 312.48320 71.00000 409.18240 9.29999 -90.06351
411.36600 312.48321 71.00000 409.20571 9.29999 -90.06351
411.38100 312.48322 71.00000 409.22643 9.29999 -90.06351
411.39800 312.48323 71.00000 409.24845 9.29999 -90.06351
411.41500 312.48324 71.00000 409.26917 9.29999 -90.06351
411.43000 312.48325 71.00000 409.28990 9.29999 -90.06351
411.44700 312.48326 71.00000 409.31191 9.29999 -90.06351
411.46500 312.48327 71.00000 409.33393 9.29999 -90.06351
411.48100 312.48328 71.00000 409.35595 9.29999 -90.06351
411.49700 312.48329 71.00000 409.37667 9.29999 -90.06351
411.51400 312.48330 71.00000 409.39869 9.29999 -90.06351
411.53100 312.48331 71.00000 409.41941 9.29999 -90.06351
411.54800 312.48332 71.00000 409.44143 9.29999 -90.06351
411.56500 312.48334 71.00000 409.46345 9.29999 -90.06351
411.58100 312.48335 71.00000 409.48417 9.29999 -90.06351
411.59700 312.48336 71.00000 409.50619 9.29999 -90.06351
411.61500 312.48337 71.00000 409.52820 9.29999 -90.06351
411.63300 312.48338 71.00000 409.54893 9.29999 -90.06351
411.64700 312.48339 71.00000 409.57094 9.29999 -90.06351
411.66600 312.48340 71.00000 409.59426 9.29999 -90.06351
411.68100 312.48341 71.00000 409.61368 9.29999 -90.06351
411.69700 312.48342 71.00000 409.63570 9.29999 -90.06351
411.71500 312.48343 71.00000 409.65772 9.29999 -90.06351
411.73000 312.48344 71.00000 409.67844 9.29999 -90.06351
411.74700 312.48345 71.00000 409.70046 9.29999 -90.06351
411.76400 312.48346 71.00000 409.72248 9.29999 -90.06351
411.78000 312.48347 71.00000 409.74320 9.29999 -90.06351
411.79700 312.48348 71.00000 409.76522 9.29999 -90.06351
411.81400 312.48349 71.00000 409.78724 9.29999 -90.06351
411.83100 312.48350 71.00000 409.80925 9.29999 -90.06351
411.84600 312.48351 71.00000 409.82998 9.29999 -90.06351
411.86500 312.48352 71.00000 409.85329 9.29999 -90.06351
411.88000 312.48353 71.00000 409.87272 9.29999 -90.06351
411.89800 312.48354 71.00000 409.89473 9.29999 -90.06351
411.91400 312.48355 71.00000 409.91675 9.29999 -90.06351
411.93100 312.48356 71.00000 409.93877 9.29999 -90.06351
411.94800 312.48357 71.00000 409.95949 9.29999 -90.06351
411.96500 312.48358 71.00000 409.98151 9.29999 -90.06351
411.98000 312.48359 71.00000 410.00353 9.29999 -90.06351
411.99700 312.48360 71.00000 410.02425 9.29999 -90.06351
412.01500 312.48361 71.00000 410.04627 9.29999 -90.06351
412.03100 312.48363 71.00000 410.06828 9.29999 -90.06351
412.05000 312.48363 71.00000 410.08901 9.29999 -90.06351
412.06500 312.48365 71.00000 410.11102 9.29999 -90.06351
412.08100 312.48366 71.00000 410.13304 9.29999 -90.06351
412.09700 312.48367 71.00000 410.15376 9.29999 -90.06351
412.11900 312.48369 71.00000 410.19909 9.29999 -90.06351
412.14700 312.48370 71.00000 410.21852 9.29999 -90.06351
412.16500 312.48371 71.00000 410.24054 9.29999 -90.06351
412.18000 312.48372 71.00000 410.26126 9.29999 -90.06351
412.19700 312.48373 71.00000 410.28328 9.29999 -90.06351
412.21500 312.48374 71.00000 410.30530 9.29999 -90.06351
412.23000 312.48375 71.00000 410.32602 9.29999 -90.06351
412.24700 312.48376 71.00000 410.34804 9.29999 -90.06351
412.26500 312.48377 71.00000 410.37005 9.29999 -90.06351
412.28100 312.48378 71.00000 410.39078 9.29999 -90.06351
412.29700 312.48379 71.00000 410.41279 9.29999 -90.06351
412.31400 312.48380 71.00000 410.43481 9.29999 -90.06351
412.33000 312.48381 71.00000 410.45553 9.29999 -90.06351
412.34600 312.48382 71.00000 410.47755 9.29999 -90.06351
412.36400 312.48383 71.00000 410.49957 9.29999 -90.06351
412.38000 312.48384 71.00000 410.52029 9.29999 -90.06351
412.39600 312.48385 71.00000 410.54231 9.29999 -90.06351
412.41400 312.48386 71.00000 410.56433 9.29999 -90.06351
412.43000 312.48387 71.00000 410.58505 9.29999 -90.06351
412.44600 312.48388 71.00000 410.60707 9.29999 -90.06351
412.46300 312.48389 71.00000 410.62779 9.29999 -90.06351
412.47900 312.48390 71.00000 410.64981 9.29999 -90.06351
412.49600 312.48391 71.00000 410.67183 9.29999 -90.06351
412.51300 312.48392 71.00000 410.69255 9.29999 -90.06351
412.53000 312.48393 71.00000 410.71457 9.29999 -90.06351
412.54700 312.48395 71.00000 410.73658 9.29999 -90.06351
412.56400 312.48396 71.00000 410.75860 9.29999 -90.06351
412.58000 312.48397 71.00000 410.77932 9.29999 -90.06351
412.59700 312.48398 71.00000 410.80134 9.29999 -90.06351
412.61400 312.48399 71.00000 410.82336 9.29999 -90.06351
412.63000 312.48400 71.00000 410.84408 9.29999 -90.06351
412.64700 312.48401 71.00000 410.86610 9.29999 -90.06351
412.66400 312.48402 71.00000 410.88812 9.29999 -90.06351
412.68000 312.48403 71.00000 410.90884 9.29999 -90.06351
412.69700 312.48404 71.00000 410.93086 9.29999 -90.06351
412.71400 312.48405 71.00000 410.95287 9.29999 -90.06351
412.73100 312.48406 71.00000 410.97360 9.29999 -90.06351
412.74700 312.48407 71.00000 410.99561 9.29999 -90.06351
412.76400 312.48408 71.00000 411.01763 9.29999 -90.06351
412.78000 312.48409 71.00000 411.03835 9.29999 -90.06351
412.79700 312.48410 71.00000 411.06037 9.29999 -90.06351
412.81400 312.48411 71.00000 411.08239 9.29999 -90.06351
412.83000 312.48412 71.00000 411.10311 9.29999 -90.06351
412.84700 312.48413 71.00000 411.12513 9.29999 -90.06351
412.86400 312.48414 71.00000 411.14715 9.29999 -90.06351
412.88000 312.48415 71.00000 411.16787 9.29999 -90.06351
412.89700 312.48416 71.00000 411.18989 9.29999 -90.06351
412.91400 312.48417 71.00000 411.21190 9.29999 -90.06351
412.93000 312.48418 71.00000 411.23263 9.29999 -90.06351
412.94700 312.48419 71.00000 411.25464 9.29999 -90.06351
412.96400 312.48420 71.00000 411.27537 9.29999 -90.06351
412.98000 312.48421 71.00000 411.29738 9.29999 -90.06351
412.99700 312.48422 71.00000 411.31940 9.29999 -90.06351
413.01400 312.48423 71.00000 411.34142 9.29999 -90.06351
413.03000 312.48424 71.00000 411.36214 9.29999 -90.06351
413.04700 312.48426 71.00000 411.38416 9.29999 -90.06351
413.06500 312.48427 71.00000 411.40618 9.29999 -90.06351
413.08000 312.48428 71.00000 411.42690 9.29999 -90.06351
413.09700 312.48429 71.00000 411.44892 9.29999 -90.06351
413.11500 312.48430 71.00000 411.46964 9.29999 -90.06351
413.13000 312.48431 71.00000 411.49166 9.29999 -90.06351
413.14600 312.48432 71.00000 411.51368 9.29999 -90.06351
413.16400 312.48433 71.00000 411.53440 9.29999 -90.06351
413.18000 312.48434 71.00000 411.55642 9.29999 -90.06351
413.19700 312.48435 71.00000 411.57843 9.29999 -90.06351
413.21400 312.48436 71.00000 411.59916 9.29999 -90.06351
413.23000 312.48437 71.00000 411.62117 9.29999 -90.06351
413.24700 312.48438 71.00000 411.64319 9.29999 -90.06351
413.26400 312.48439 71.00000 411.66391 9.29999 -90.06351
413.28000 312.48440 71.00000 411.68593 9.29999 -90.06351
413.29700 312.48441 71.00000 411.70795 9.29999 -90.06351
413.31400 312.48442 71.00000 411.72867 9.29999 -90.06351
413.33000 312.48443 71.00000 411.75069 9.29999 -90.06351
413.34700 312.48444 71.00000 411.77271 9.29999 -90.06351
413.36400 312.48445 71.00000 411.79343 9.29999 -90.06351
413.38000 312.48446 71.00000 411.81545 9.29999 -90.06351
413.39600 312.48447 71.00000 411.83746 9.29999 -90.06351
413.41300 312.48448 71.00000 411.85819 9.29999 -90.06351
413.43000 312.48449 71.00000 411.88020 9.29999 -90.06351
413.44700 312.48450 71.00000 411.90222 9.29999 -90.06351
413.46400 312.48451 71.00000 411.92424 9.29999 -90.06351
413.48000 312.48452 71.00000 411.94496 9.29999 -90.06351
413.49700 312.48453 71.00000 411.96698 9.29999 -90.06351
413.51400 312.48454 71.00000 411.98900 9.29999 -90.06351
413.53000 312.48455 71.00000 412.00972 9.29999 -90.06351
413.54800 312.48457 71.00000 412.03174 9.29999 -90.06351
413.56600 312.48458 71.00000 412.05375 9.29999 -90.06351
413.58000 312.48459 71.00000 412.07448 9.29999 -90.06351
413.59700 312.48460 71.00000 412.09649 9.29999 -90.06351
413.61400 312.48461 71.00000 412.11851 9.29999 -90.06351
413.63200 312.48462 71.00000 412.13923 9.29999 -90.06351
413.64900 312.48463 71.00000 412.16255 9.29999 -90.06351
413.66400 312.48464 71.00000 412.18327 9.29999 -90.06351
413.68100 312.48465 71.00000 412.20399 9.29999 -90.06351
413.69800 312.48466 71.00000 412.22601 9.29999 -90.06351
413.71400 312.48467 71.00000 412.24803 9.29999 -90.06351
413.73200 312.48468 71.00000 412.26875 9.29999 -90.06351
413.74700 312.48469 71.00000 412.29077 9.29999 -90.06351
413.76400 312.48470 71.00000 412.31279 9.29999 -90.06351
413.78000 312.48471 71.00000 412.33351 9.29999 -90.06351
413.79700 312.48471 71.00000 412.34964 9.29999 -90.06351
413.81400 312.48471 71.00000 412.36096 9.29999 -90.06351
413.83000 312.48471 71.00000 412.37298 9.29999 -90.06351
413.84700 312.48471 71.00000 412.38179 9.29999 -90.06351
413.86400 312.48471 71.00000 412.38797 9.29999 -90.06351
413.88000 312.48471 71.00000 412.39453 9.29999 -90.06351
413.89700 312.48471 71.00000 412.39934 9.29999 -90.06351
413.91400 312.48471 71.00000 412.40293 9.29999 -90.06351
413.93100 312.48471 71.00000 412.40630 9.29999 -90.06351
413.94700 312.48471 71.00000 412.40893 9.29999 -90.06351
413.96400 312.48471 71.00000 412.41088 9.29999 -90.06351
413.98000 312.48471 71.00000 412.41273 9.29999 -90.06351
413.99700 312.48471 71.00000 412.41416 9.29999 -90.06351
414.01400 312.48471 71.00000 412.41517 9.29999 -90.06351
414.03000 312.48471 71.00000 412.41623 9.29999 -90.06351
414.04700 312.48471 71.00000 412.41667 9.29999 -90.06351
414.06300 312.48471 71.00000 412.41667 9.29999 -90.06351
414.08100 312.48471 71.00000 412.41667 9.29999 -90.06351
414.09700 312.48471 71.00000 412.41667 9.29999 -90.06351
414.11300 312.48471 71.00000 412.41667 9.29999 -90.06351
414.13000 312.48471 71.00000 412.41667 9.29999 -90.06351
414.14800 312.48471 71.00000 412.41667 9.29999 -90.06351
414.16300 312.48471 71.00000 412.41667 9.29999 -90.06351
414.18000 312.48471 71.00000 412.41667 9.29999 -90.06351
414.19700 312.48471 71.00000 412.41667 9.29999 -90.06351
414.21300 312.48471 71.00000 412.41667 9.29999 -90.06351
414.23000 312.48471 71.00000 412.41667 9.29999 -90.06351
414.24700 312.48471 71.00000 412.41667 9.29999 -90.06351
414.26400 312.48471 71.00000 412.41667 9.29999 -90.06351
414.28000 312.48471 71.00000 412.41667 9.29999 -90.06351
414.29700 312.48471 71.00000 412.41667 9.29999 -90.06351
414.31300 312.48471 71.00000 412.41667 9.29999 -90.06351
414.33000 312.48471 71.00000 412.41667 9.29999 -90.06351
414.34700 312.48471 71.00000 412.41667 9.29999 -90.06351
414.36300 312.48471 71.00000 412.41667 9.29999 -90.06351
414.38000 312.48471 71.00000 412.41667 9.29999 -90.06351
414.39700 312.48471 71.00000 412.41667 9.29999 -90.06351
414.41300 312.48471 71.00000 412.41667 9.29999 -90.06351
414.43500 312.48471 71.00000 412.41667 9.29999 -90.06351
414.46300 312.48471 71.00000 412.41667 9.29999 -90.06351
414.48000 312.48471 71.00000 412.41667 9.29999 -90.06351
414.49800 312.48471 71.00000 412.41667 9.29999 -90.06351
414.51300 312.48471 71.00000 412.41667 9.29999 -90.06351
414.53000 312.48471 71.00000 412.41667 9.29999 -90.06351
414.54600 312.48471 71.00000 412.41667 9.29999 -90.06351
414.56300 312.48471 71.00000 412.41667 9.29999 -90.06351
414.58000 312.48471 71.00000 412.41667 9.29999 -90.06351
414.59600 312.48471 71.00000 412.41667 9.29999 -90.06351
414.61300 312.48471 71.00000 412.41667 9.29999 -90.06351
414.63000 312.48471 71.00000 412.41667 9.29999 -90.06351
414.64700 312.48471 71.00000 412.41667 9.29999 -90.06351
414.66600 312.48471 71.00000 412.41667 9.29999 -90.06351
414.68100 312.48471 71.00000 412.41667 9.29999 -90.06351
414.69700 312.48471 71.00000 412.41667 9.29999 -90.06351
414.71400 312.48471 71.00000 412.41667 9.29999 -90.06351
414.73000 312.48471 71.00000 412.41667 9.29999 -90.06351
414.74700 312.48471 71.00000 412.41667 9.29999 -90.06351
414.76400 312.48471 71.00000 412.41667 9.29999 -90.06351
414.78000 312.48471 71.00000 412.41667 9.29999 -90.06351
414.79700 312.48471 71.00000 412.41667 9.29999 -90.06351
414.81400 312.48471 71.00000 412.41667 9.29999 -90.06351
414.83100 312.48471 71.00000 412.41667 9.29999 -90.06351
414.84800 312.48471 71.00000 412.41667 9.29999 -90.06351
414.86400 312.48471 71.00000 412.41667 9.29999 -90.06351
414.88100 312.48471 71.00000 412.41667 9.29999 -90.06351
414.89700 312.48471 71.00000 412.41667 9.29999 -90.06351
414.91400 312.48471 71.00000 412.41667 9.29999 -90.06351
414.93000 312.48471 71.00000 412.41667 9.29999 -90.06351
414.94700 312.48471 71.00000 412.41667 9.29999 -90.06351
414.96500 312.48471 71.00000 412.41667 9.29999 -90.06351
414.98000 312.48471 71.00000 412.41667 9.29999 -90.06351
414.99800 312.48471 71.00000 412.41667 9.29999 -90.06351
415.01400 312.48471 71.00000 412.41667 9.29999 -90.06351
415.03100 312.48471 71.00000 412.41667 9.29999 -90.06351
415.04800 312.48471 71.00000 412.41667 9.29999 -90.06351
415.06400 312.48471 71.00000 412.41667 9.29999 -90.06351
415.08000 312.48471 71.00000 412.41667 9.29999 -90.06351
415.09700 312.48471 71.00000 412.41667 9.29999 -90.06351
415.11400 312.48471 71.00000 412.41667 9.29999 -90.06351
415.13000 312.48471 71.00000 412.41667 9.29999 -90.06351
415.14800 312.48471 71.00000 412.41667 9.29999 -90.06351
415.16400 312.48471 71.00000 412.41667 9.29999 -90.06351
415.18000 312.48471 71.00000 412.41667 9.29999 -90.06351
415.19700 312.48471 71.00000 412.41667 9.29999 -90.06351
415.21400 312.48471 71.00000 412.41667 9.29999 -90.06351
415.23100 312.48471 71.00000 412.41667 9.29999 -90.06351
415.24700 312.48471 71.00000 412.41667 9.29999 -90.06351
415.26400 312.48471 71.00000 412.41667 9.29999 -90.06351
415.28100 312.48471 71.00000 412.41667 9.29999 -90.06351
415.29700 312.48471 71.00000 412.41667 9.29999 -90.06351
415.31600 312.48471 71.00000 412.41667 9.29999 -90.06351
415.33200 312.48471 71.00000 412.41667 9.29999 -90.06351
415.34700 312.48471 71.00000 412.41667 9.29999 -90.06351
415.36400 312.48471 71.00000 412.41667 9.29999 -90.06351
415.38300 312.48471 71.00000 412.41667 9.29999 -90.06351
415.39800 312.48471 71.00000 412.41667 9.29999 -90.06351
415.41500 312.48471 71.00000 412.41667 9.29999 -90.06351
415.43000 312.48471 71.00000 412.41667 9.29999 -90.06351
415.44800 312.48471 71.00000 412.41667 9.29999 -90.06351
415.46400 312.48471 71.00000 412.41667 9.29999 -90.06351
415.48100 312.48471 71.00000 412.41667 9.29999 -90.06351
415.49700 312.48471 71.00000 412.41667 9.29999 -90.06351
