384.47000 294.53935 71.00000 390.41406 8.09978 -0.03175
384.52700 294.53934 71.00000 390.41405 8.09978 -0.03175
384.55700 294.53935 71.00000 390.41406 8.09978 -0.03175
384.58700 294.53934 71.00000 390.41405 8.09978 -0.03175
384.60400 294.53935 71.00000 390.41406 8.09978 -0.03175
384.62000 294.53935 71.00000 390.41406 8.09978 -0.03175
384.63600 294.53934 71.00000 390.41405 8.09978 -0.03175
384.65400 294.53935 71.00000 390.41406 8.09978 -0.03175
384.67000 294.53935 71.00000 390.41406 8.09978 -0.03175
384.68600 294.53934 71.00000 390.41405 8.09978 -0.03175
384.70300 294.53935 71.00000 390.41406 8.09978 -0.03175
384.72000 294.53935 71.00000 390.41406 8.09978 -0.03175
384.74700 294.53935 71.00000 390.41406 8.09978 -0.03175
384.77100 294.53935 71.00000 390.41406 8.09978 -0.03175
384.79000 294.53935 71.00000 390.41406 8.09978 -0.03175
384.81900 294.53935 71.00000 390.41406 8.09978 -0.03175
384.83700 294.53934 71.00000 390.41405 8.09978 -0.03175
384.85400 294.53935 71.00000 390.41406 8.09978 -0.03175
384.87000 294.53935 71.00000 390.41406 8.09978 -0.03175
384.88700 294.53934 71.00000 390.41405 8.09978 -0.03175
384.90300 294.53935 71.00000 390.41406 8.09978 -0.03175
384.91900 294.53935 71.00000 390.41406 8.09978 -0.03175
384.93600 294.53934 71.00000 390.41405 8.09978 -0.03175
384.95300 294.53935 71.00000 390.41406 8.09978 -0.03175
384.96900 294.53935 71.00000 390.41406 8.09978 -0.03175
384.98600 294.53934 71.00000 390.41405 8.09978 -0.03175
385.00300 294.53935 71.00000 390.41406 8.09978 -0.03175
385.02000 294.53935 71.00000 390.41406 8.09978 -0.03175
385.03600 294.53934 71.00000 390.41405 8.09978 -0.03175
385.05300 294.53935 71.00000 390.41406 8.09978 -0.03175
385.06900 294.53936 71.00000 390.42582 8.09978 -0.03175
385.08600 294.53936 71.00000 390.45913 8.09978 -0.03175
385.10300 294.53939 71.00000 390.49246 8.09978 -0.03175
385.12000 294.53940 71.00000 390.53024 8.09978 -0.03175
385.13700 294.53941 71.00000 390.58175 8.09978 -0.03175
385.15400 294.53943 71.00000 390.63327 8.09978 -0.03175
385.16900 294.53945 71.00000 390.68526 8.09978 -0.03175
385.18700 294.53946 71.00000 390.74669 8.09978 -0.03175
385.20300 294.53948 71.00000 390.80815 8.09978 -0.03175
385.21900 294.53949 71.00000 390.85614 8.09978 -0.03175
385.23600 294.53948 71.00000 390.88967 8.09978 -0.03175
385.25300 294.53949 71.00000 390.92323 8.09978 -0.03175
385.26900 294.53949 71.00000 390.94943 8.09978 -0.03175
385.28600 294.53948 71.00000 390.96774 8.09978 -0.03175
385.30300 294.53949 71.00000 390.98607 8.09978 -0.03175
385.31900 294.53949 71.00000 391.00038 8.09978 -0.03175
385.33700 294.53948 71.00000 391.01037 8.09978 -0.03175
385.35300 294.53949 71.00000 391.02038 8.09978 -0.03175
385.36900 294.53949 71.00000 391.02819 8.09978 -0.03175
385.38600 294.53948 71.00000 391.03364 8.09978 -0.03175
385.40300 294.53949 71.00000 391.03911 8.09978 -0.03175
385.41900 294.53949 71.00000 391.04338 8.09978 -0.03175
385.43700 294.53948 71.00000 391.04635 8.09978 -0.03175
385.45400 294.53949 71.00000 391.04934 8.09978 -0.03175
385.47000 294.53949 71.00000 391.05167 8.09978 -0.03175
385.48600 294.53948 71.00000 391.05328 8.09978 -0.03175
385.50500 294.53949 71.00000 391.05492 8.09978 -0.03175
385.53700 294.53948 71.00000 391.05587 8.09978 -0.03175
385.55400 294.53949 71.00000 391.05588 8.09978 -0.03175
385.57000 294.53949 71.00000 391.05588 8.09978 -0.03175
385.58800 294.53948 71.00000 391.05587 8.09978 -0.03175
385.60300 294.53949 71.00000 391.05588 8.09978 -0.03175
385.61900 294.53949 71.00000 391.05588 8.09978 -0.03175
385.63600 294.53948 71.00000 391.05587 8.09978 -0.03175
385.65300 294.53949 71.00000 391.05588 8.09978 -0.03175
385.66900 294.53949 71.00000 391.05588 8.09978 -0.03175
385.68600 294.53948 71.00000 391.05587 8.09978 -0.03175
385.70300 294.53949 71.00000 391.05588 8.09978 -0.03175
385.71900 294.53949 71.00000 391.05588 8.09978 -0.03175
385.73600 294.53948 71.00000 391.05587 8.09978 -0.03175
385.75300 294.53949 71.00000 391.05588 8.09978 -0.03175
385.76900 294.53949 71.00000 391.05588 8.09978 -0.03175
385.78600 294.53948 71.00000 391.05587 8.09978 -0.03175
385.80300 294.53949 71.00000 391.05588 8.09978 -0.03175
385.81900 294.53949 71.00000 391.05588 8.09978 -0.03175
385.83600 294.53948 71.00000 391.05587 8.09978 -0.03175
385.85300 294.53949 71.00000 391.05588 8.09978 -0.03175
385.86900 294.53949 71.00000 391.05588 8.09978 -0.03175
385.88600 294.53948 71.00000 391.05587 8.09978 -0.03175
385.90300 294.53949 71.00000 391.05588 8.09978 -0.03175
385.92000 294.53949 71.00000 391.05588 8.09978 -0.03175
385.93600 294.53948 71.00000 391.05587 8.09978 -0.03175
385.95300 294.53949 71.00000 391.05588 8.09978 -0.03175
385.96900 294.53949 71.00000 391.05588 8.09978 -0.03175
385.98600 294.53948 71.00000 391.05587 8.09978 -0.03175
386.00300 294.53949 71.00000 391.05588 8.09978 -0.03175
386.01900 294.53949 71.00000 391.05588 8.09978 -0.03175
386.03600 294.53948 71.00000 391.05587 8.09978 -0.03175
386.05300 294.53949 71.00000 391.05588 8.09978 -0.03175
386.06900 294.53949 71.00000 391.05588 8.09978 -0.03175
386.08600 294.53948 71.00000 391.05587 8.09978 -0.03175
386.10300 294.53949 71.00000 391.05588 8.09978 -0.03175
386.11900 294.53949 71.00000 391.05588 8.09978 -0.03175
386.13600 294.53948 71.00000 391.05587 8.09978 -0.03175
386.15300 294.53949 71.00000 391.05588 8.09978 -0.03175
386.16900 294.53949 71.00000 391.05588 8.09978 -0.03175
386.18600 294.53948 71.00000 391.05587 8.09978 -0.03175
386.20200 294.53949 71.00000 391.05588 8.09978 -0.03175
386.21900 294.53949 71.00000 391.05588 8.09978 -0.03175
386.23600 294.53948 71.00000 391.05587 8.09978 -0.03175
386.25300 294.53949 71.00000 391.05588 8.09978 -0.03175
386.26900 294.53949 71.00000 391.05588 8.09978 -0.03175
386.28600 294.53948 71.00000 391.05587 8.09978 -0.03175
386.30300 294.53949 71.00000 391.05588 8.09978 -0.03175
386.32100 294.53949 71.00000 391.05588 8.09978 -0.03175
386.33700 294.53948 71.00000 391.05587 8.09978 -0.03175
386.35300 294.53949 71.00000 391.05588 8.09978 -0.03175
386.36900 294.53949 71.00000 391.05588 8.09978 -0.03175
386.38600 294.53948 71.00000 391.05587 8.09978 -0.03175
386.40300 294.53949 71.00000 391.05588 8.09978 -0.03175
386.42200 294.53949 71.00000 391.05588 8.09978 -0.03175
386.45400 294.53949 71.00000 391.05588 8.09978 -0.03175
386.47000 294.53949 71.00000 391.05588 8.09978 -0.03175
386.48600 294.53948 71.00000 391.05587 8.09978 -0.03175
386.50300 294.53949 71.00000 391.05588 8.09978 -0.03175
386.51900 294.53949 71.00000 391.05588 8.09978 -0.03175
386.53900 294.53948 71.00000 391.05587 8.09978 -0.03175
386.57000 294.53949 71.00000 391.05588 8.09978 -0.03175
386.58700 294.53948 71.00000 391.05587 8.09978 -0.03175
386.60400 294.53949 71.00000 391.05588 8.09978 -0.03175
386.62100 294.53949 71.00000 391.05588 8.09978 -0.03175
386.63600 294.53948 71.00000 391.05587 8.09978 -0.03175
386.65300 294.53949 71.00000 391.05588 8.09978 -0.03175
386.66900 294.53949 71.00000 391.05588 8.09978 -0.03175
386.68600 294.53948 71.00000 391.05587 8.09978 -0.03175
386.70300 294.53949 71.00000 391.05588 8.09978 -0.03175
386.71900 294.53949 71.00000 391.05588 8.09978 -0.03175
386.73600 294.53948 71.00000 391.05587 8.09978 -0.03175
386.75400 294.53949 71.00000 391.05588 8.09978 -0.03175
386.76900 294.53949 71.00000 391.05588 8.09978 -0.03175
386.78600 294.53948 71.00000 391.05587 8.09978 -0.03175
386.80300 294.53949 71.00000 391.05588 8.09978 -0.03175
386.82100 294.53949 71.00000 391.05588 8.09978 -0.03175
386.83900 294.53948 71.00000 391.05587 8.09978 -0.03175
386.87000 294.53949 71.00000 391.05588 8.09978 -0.03175
386.88800 294.53948 71.00000 391.05587 8.09978 -0.03175
386.90600 294.53949 71.00000 391.05588 8.09978 -0.03175
386.93600 294.53948 71.00000 391.05587 8.09978 -0.03175
386.95400 294.53949 71.00000 391.05588 8.09978 -0.03175
386.96900 294.53949 71.00000 391.05588 8.09978 -0.03175
386.98600 294.53948 71.00000 391.05587 8.09978 -0.03175
387.00300 294.53949 71.00000 391.05588 8.09978 -0.03175
387.02000 294.53949 71.00000 391.05588 8.09978 -0.03175
387.03600 294.53948 71.00000 391.05587 8.09978 -0.03175
387.05400 294.53949 71.00000 391.05588 8.09978 -0.03175
387.06900 294.53949 71.00000 391.05588 8.09978 -0.03175
387.08600 294.53948 71.00000 391.05587 8.09978 -0.03175
387.10300 294.53949 71.00000 391.05588 8.09978 -0.03175
387.12100 294.53949 71.00000 391.05588 8.09978 -0.03175
387.13600 294.53948 71.00000 391.05587 8.09978 -0.03175
387.15300 294.53949 71.00000 391.05588 8.09978 -0.03175
387.16900 294.53949 71.00000 391.05588 8.09978 -0.03175
387.18600 294.53948 71.00000 391.05587 8.09978 -0.03175
387.20300 294.53949 71.00000 391.05588 8.09978 -0.03175
387.21900 294.53949 71.00000 391.05588 8.09978 -0.03175
387.23600 294.53948 71.00000 391.05587 8.09978 -0.03175
387.25300 294.53949 71.00000 391.05588 8.09978 -0.03175
387.26900 294.53949 71.00000 391.05588 8.09978 -0.03175
387.28700 294.53948 71.00000 391.05587 8.09978 -0.03175
387.30300 294.53949 71.00000 391.05588 8.09978 -0.03175
387.31900 294.53949 71.00000 391.05588 8.09978 -0.03175
387.33600 294.53948 71.00000 391.05587 8.09978 -0.03175
387.35300 294.53949 71.00000 391.05588 8.09978 -0.03175
387.36900 294.53949 71.00000 391.05588 8.09978 -0.03175
387.38600 294.53948 71.00000 391.05587 8.09978 -0.03175
387.40300 294.53949 71.00000 391.05588 8.09978 -0.03175
387.41900 294.53949 71.00000 391.05588 8.09978 -0.03175
387.43600 294.53948 71.00000 391.05587 8.09978 -0.03175
387.45300 294.53949 71.00000 391.05588 8.09978 -0.03175
387.46900 294.53949 71.00000 391.05588 8.09978 -0.03175
387.48600 294.53948 71.00000 391.05587 8.09978 -0.03175
387.50300 294.53949 71.00000 391.05588 8.09978 -0.03175
387.51900 294.53949 71.00000 391.05588 8.09978 -0.03175
387.53600 294.53948 71.00000 391.05587 8.09978 -0.03175
387.55300 294.53949 71.00000 391.05588 8.09978 -0.03175
387.56900 294.53949 71.00000 391.05588 8.09978 -0.03175
387.58600 294.53948 71.00000 391.05587 8.09978 -0.03175
387.60300 294.53949 71.00000 391.05588 8.09978 -0.03175
387.61900 294.53949 71.00000 391.05588 8.09978 -0.03175
387.63600 294.53948 71.00000 391.05587 8.09978 -0.03175
387.65300 294.53949 71.00000 391.05588 8.09978 -0.03175
387.66900 294.53949 71.00000 391.05588 8.09978 -0.03175
387.68600 294.53948 71.00000 391.05587 8.09978 -0.03175
387.70300 294.53949 71.00000 391.05588 8.09978 -0.03175
387.71900 294.53949 71.00000 391.05588 8.09978 -0.03175
387.73600 294.53948 71.00000 391.05587 8.09978 -0.03175
387.75400 294.53949 71.00000 391.05588 8.09978 -0.03175
387.76900 294.53949 71.00000 391.05588 8.09978 -0.03175
387.78700 294.53948 71.00000 391.05587 8.09978 -0.03175
387.80300 294.53949 71.00000 391.05588 8.09978 -0.03175
387.82000 294.53949 71.00000 391.05588 8.09978 -0.03175
387.83600 294.53948 71.00000 391.05587 8.09978 -0.03175
387.85300 294.53949 71.00000 391.05588 8.09978 -0.03175
387.86900 294.53949 71.00000 391.05588 8.09978 -0.03175
387.88600 294.53948 71.00000 391.05587 8.09978 -0.03175
387.90600 294.53949 71.00000 391.05235 8.09978 -0.03175
387.93800 294.53948 71.00000 391.04235 8.09978 -0.03175
387.95500 294.53948 71.00000 391.03236 8.09978 -0.03175
387.98700 294.53946 71.00000 391.00556 8.09978 -0.03175
388.00300 294.53947 71.00000 390.99012 8.09978 -0.03175
388.01900 294.53946 71.00000 390.97452 8.09978 -0.03175
388.04400 294.53945 71.00000 390.93766 8.09978 -0.03175
388.06900 294.53945 71.00000 390.91973 8.09978 -0.03175
388.08600 294.53943 71.00000 390.89966 8.09978 -0.03175
388.10300 294.53944 71.00000 390.87961 8.09978 -0.03175
388.11900 294.53943 71.00000 390.86042 8.09978 -0.03175
388.13600 294.53942 71.00000 390.83946 8.09978 -0.03175
388.15300 294.53942 71.00000 390.81852 8.09978 -0.03175
388.16900 294.53942 71.00000 390.79863 8.09978 -0.03175
388.18600 294.53941 71.00000 390.77718 8.09978 -0.03175
388.20300 294.53941 71.00000 390.75576 8.09978 -0.03175
388.22100 294.53940 71.00000 390.73549 8.09978 -0.03175
388.23700 294.53939 71.00000 390.71378 8.09978 -0.03175
388.25300 294.53939 71.00000 390.69210 8.09978 -0.03175
388.27000 294.53939 71.00000 390.67162 8.09978 -0.03175
388.28700 294.53938 71.00000 390.64977 8.09978 -0.03175
388.30400 294.53938 71.00000 390.62794 8.09978 -0.03175
388.32300 294.53936 71.00000 390.58541 8.09978 -0.03175
388.35500 294.53938 71.00000 390.60735 8.09978 -0.03175
388.38800 294.53935 71.00000 390.52088 8.09978 -0.03175
388.40600 294.53935 71.00000 390.47824 8.09978 -0.03175
388.43600 294.53933 71.00000 390.45624 8.09978 -0.03175
388.45300 294.53934 71.00000 390.43426 8.09978 -0.03175
388.47100 294.53933 71.00000 390.41356 8.09978 -0.03175
388.48600 294.53932 71.00000 390.39155 8.09978 -0.03175
388.50300 294.53932 71.00000 390.36956 8.09978 -0.03175
388.51900 294.53932 71.00000 390.35238 8.09978 -0.03175
388.53700 294.53931 71.00000 390.34035 8.09978 -0.03175
388.55300 294.53932 71.00000 390.32835 8.09978 -0.03175
388.56900 294.53932 71.00000 390.31897 8.09978 -0.03175
388.58800 294.53931 71.00000 390.31240 8.09978 -0.03175
388.60300 294.53932 71.00000 390.30585 8.09978 -0.03175
388.61900 294.53932 71.00000 390.30073 8.09978 -0.03175
388.63600 294.53931 71.00000 390.29713 8.09978 -0.03175
388.65200 294.53932 71.00000 390.29356 8.09978 -0.03175
388.66900 294.53932 71.00000 390.29077 8.09978 -0.03175
388.68600 294.53931 71.00000 390.28880 8.09978 -0.03175
388.70600 294.53932 71.00000 390.28533 8.09978 -0.03175
388.73600 294.53931 71.00000 390.28425 8.09978 -0.03175
388.75300 294.53932 71.00000 390.28319 8.09978 -0.03175
388.77000 294.53932 71.00000 390.28257 8.09978 -0.03175
388.78600 294.53931 71.00000 390.28255 8.09978 -0.03175
388.80300 294.53932 71.00000 390.28257 8.09978 -0.03175
388.82100 294.53932 71.00000 390.28257 8.09978 -0.03175
388.83800 294.53931 71.00000 390.28255 8.09978 -0.03175
388.85600 294.53932 71.00000 390.28257 8.09978 -0.03175
388.88600 294.53931 71.00000 390.28255 8.09978 -0.03175
388.90300 294.53932 71.00000 390.28257 8.09978 -0.03175
388.91900 294.53932 71.00000 390.28257 8.09978 -0.03175
388.93800 294.53931 71.00000 390.28255 8.09978 -0.03175
388.95400 294.53932 71.00000 390.28257 8.09978 -0.03175
388.97000 294.53932 71.00000 390.28257 8.09978 -0.03175
388.98700 294.53931 71.00000 390.28255 8.09978 -0.03175
389.00300 294.53932 71.00000 390.28257 8.09978 -0.03175
389.01900 294.53932 71.00000 390.28257 8.09978 -0.03175
389.03700 294.53931 71.00000 390.28255 8.09978 -0.03175
389.05400 294.53932 71.00000 390.28257 8.09978 -0.03175
389.07000 294.53932 71.00000 390.28257 8.09978 -0.03175
389.08600 294.53931 71.00000 390.28255 8.09978 -0.03175
389.10500 294.53932 71.00000 390.28257 8.09978 -0.03175
389.13600 294.53931 71.00000 390.28255 8.09978 -0.03175
389.15300 294.53932 71.00000 390.28257 8.09978 -0.03175
389.16900 294.53932 71.00000 390.28257 8.09978 -0.03175
389.18600 294.53931 71.00000 390.28255 8.09978 -0.03175
389.20300 294.53932 71.00000 390.28257 8.09978 -0.03175
389.21900 294.53932 71.00000 390.28257 8.09978 -0.03175
389.23500 294.53931 71.00000 390.28255 8.09978 -0.03175
389.25300 294.53932 71.00000 390.28257 8.09978 -0.03175
389.26900 294.53932 71.00000 390.28257 8.09978 -0.03175
389.28600 294.53931 71.00000 390.28255 8.09978 -0.03175
389.30300 294.53932 71.00000 390.28257 8.09978 -0.03175
389.31900 294.53932 71.00000 390.28257 8.09978 -0.03175
389.33600 294.53931 71.00000 390.28255 8.09978 -0.03175
389.35300 294.53932 71.00000 390.28257 8.09978 -0.03175
389.36900 294.53932 71.00000 390.28257 8.09978 -0.03175
389.38600 294.53931 71.00000 390.28255 8.09978 -0.03175
389.40200 294.53932 71.00000 390.28257 8.09978 -0.03175
389.41900 294.53932 71.00000 390.28257 8.09978 -0.03175
389.43600 294.53931 71.00000 390.28255 8.09978 -0.03175
389.45300 294.53932 71.00000 390.28257 8.09978 -0.03175
389.46900 294.53932 71.00000 390.28257 8.09978 -0.03175
389.48600 294.53931 71.00000 390.28255 8.09978 -0.03175
389.50200 294.53932 71.00000 390.28257 8.09978 -0.03175
389.51900 294.53932 71.00000 390.28257 8.09978 -0.03175
389.53600 294.53931 71.00000 390.28255 8.09978 -0.03175
389.55300 294.53932 71.00000 390.28257 8.09978 -0.03175
389.56900 294.54285 71.00000 390.28256 8.09978 -0.03175
389.58700 294.55284 71.00000 390.28255 8.09978 -0.03175
389.60300 294.56284 71.00000 390.28255 8.09978 -0.03175
389.61900 294.57418 71.00000 390.28255 8.09978 -0.03175
389.63600 294.58962 71.00000 390.28253 8.09978 -0.03175
389.65400 294.60508 71.00000 390.28254 8.09978 -0.03175
389.66900 294.61715 71.00000 390.28254 8.09978 -0.03175
389.68600 294.62558 71.00000 390.28253 8.09978 -0.03175
389.70300 294.63403 71.00000 390.28254 8.09978 -0.03175
389.71900 294.64062 71.00000 390.28254 8.09978 -0.03175
389.73500 294.64522 71.00000 390.28253 8.09978 -0.03175
389.75300 294.64983 71.00000 390.28254 8.09978 -0.03175
389.76900 294.65343 71.00000 390.28254 8.09978 -0.03175
389.78600 294.65594 71.00000 390.28253 8.09978 -0.03175
389.80300 294.65846 71.00000 390.28254 8.09978 -0.03175
389.81900 294.66042 71.00000 390.28254 8.09978 -0.03175
389.83600 294.66179 71.00000 390.28253 8.09978 -0.03175
389.85500 294.66317 71.00000 390.28254 8.09978 -0.03175
389.88700 294.66396 71.00000 390.26900 8.09978 -0.03175
389.90300 294.66397 71.00000 390.25902 8.09978 -0.03175
389.91900 294.66396 71.00000 390.24768 8.09978 -0.03175
389.93600 294.66395 71.00000 390.23222 8.09978 -0.03175
389.95300 294.66395 71.00000 390.21678 8.09978 -0.03175
389.96900 294.66395 71.00000 390.20118 8.09978 -0.03175
389.98700 294.66394 71.00000 390.18273 8.09978 -0.03175
390.00300 294.66394 71.00000 390.16431 8.09978 -0.03175
390.02000 294.66393 71.00000 390.14639 8.09978 -0.03175
390.03600 294.66392 71.00000 390.12632 8.09978 -0.03175
390.05200 294.66393 71.00000 390.10627 8.09978 -0.03175
390.06900 294.66392 71.00000 390.08707 8.09978 -0.03175
390.08600 294.66391 71.00000 390.06611 8.09978 -0.03175
390.10300 294.66391 71.00000 390.04517 8.09978 -0.03175
390.11900 294.66391 71.00000 390.02529 8.09978 -0.03175
390.13600 294.66389 71.00000 390.00384 8.09978 -0.03175
390.15300 294.66390 71.00000 389.98242 8.09978 -0.03175
390.16900 294.66389 71.00000 389.96215 8.09978 -0.03175
390.18600 294.66388 71.00000 389.94044 8.09978 -0.03175
390.20300 294.66388 71.00000 389.91875 8.09978 -0.03175
390.21800 294.66388 71.00000 389.89828 8.09978 -0.03175
390.23500 294.66387 71.00000 389.87642 8.09978 -0.03175
390.25300 294.66387 71.00000 389.85459 8.09978 -0.03175
390.26900 294.66387 71.00000 389.83753 8.09978 -0.03175
390.28600 294.66386 71.00000 389.82559 8.09978 -0.03175
390.30300 294.66387 71.00000 389.81368 8.09978 -0.03175
390.31900 294.66387 71.00000 389.80436 8.09978 -0.03175
390.33600 294.66386 71.00000 389.79784 8.09978 -0.03175
390.35300 294.66387 71.00000 389.79134 8.09978 -0.03175
390.36900 294.66387 71.00000 389.78626 8.09978 -0.03175
390.38600 294.66386 71.00000 389.78269 8.09978 -0.03175
390.40300 294.66387 71.00000 389.77914 8.09978 -0.03175
390.41900 294.66387 71.00000 389.77637 8.09978 -0.03175
390.43500 294.66386 71.00000 389.77441 8.09978 -0.03175
390.45300 294.66387 71.00000 389.77249 8.09978 -0.03175
390.46800 294.66387 71.00000 389.77450 8.09978 -0.03175
390.48600 294.66386 71.00000 389.78342 8.09978 -0.03175
390.50200 294.66388 71.00000 389.79237 8.09978 -0.03175
390.51800 294.66388 71.00000 389.80288 8.09978 -0.03175
390.53600 294.66388 71.00000 389.81774 8.09978 -0.03175
390.55300 294.66389 71.00000 389.83263 8.09978 -0.03175
390.56900 294.66390 71.00000 389.84777 8.09978 -0.03175
390.58500 294.66389 71.00000 389.86588 8.09978 -0.03175
390.60300 294.66391 71.00000 389.88401 8.09978 -0.03175
390.61900 294.66391 71.00000 389.90168 8.09978 -0.03175
390.63600 294.66391 71.00000 389.92156 8.09978 -0.03175
390.65300 294.66392 71.00000 389.94146 8.09978 -0.03175
390.66800 294.66392 71.00000 389.96052 8.09978 -0.03175
390.68600 294.66392 71.00000 389.98136 8.09978 -0.03175
390.70300 294.66393 71.00000 390.00223 8.09978 -0.03175
390.71900 294.66394 71.00000 390.02204 8.09978 -0.03175
390.73600 294.66393 71.00000 390.04341 8.09978 -0.03175
390.75300 294.66395 71.00000 390.06481 8.09978 -0.03175
390.76800 294.66395 71.00000 390.08504 8.09978 -0.03175
390.78900 294.66396 71.00000 390.12838 8.09978 -0.03175
390.81900 294.66397 71.00000 390.14883 8.09978 -0.03175
390.83600 294.66396 71.00000 390.17065 8.09978 -0.03175
390.85300 294.66398 71.00000 390.19249 8.09978 -0.03175
390.86800 294.66398 71.00000 390.21306 8.09978 -0.03175
390.88600 294.66398 71.00000 390.23496 8.09978 -0.03175
390.90200 294.66399 71.00000 390.25689 8.09978 -0.03175
390.91800 294.66047 71.00000 390.27753 8.09978 -0.03175
390.93600 294.65047 71.00000 390.29949 8.09978 -0.03175
390.95300 294.64048 71.00000 390.32147 8.09978 -0.03175
390.96900 294.62915 71.00000 390.33862 8.09978 -0.03175
390.98500 294.61369 71.00000 390.35061 8.09978 -0.03175
391.00500 294.62915 71.00000 390.33862 8.09978 -0.03175
391.03800 294.56422 71.00000 390.37853 8.09978 -0.03175
391.05300 294.54579 71.00000 390.38510 8.09978 -0.03175
391.06900 294.52787 71.00000 390.39022 8.09978 -0.03175
391.08600 294.50780 71.00000 390.39379 8.09978 -0.03175
391.10300 294.48775 71.00000 390.39739 8.09978 -0.03175
391.11900 294.46856 71.00000 390.40019 8.09978 -0.03175
391.13600 294.44760 71.00000 390.40214 8.09978 -0.03175
391.15300 294.42666 71.00000 390.40412 8.09978 -0.03175
391.16900 294.41030 71.00000 390.40565 8.09978 -0.03175
391.18600 294.39885 71.00000 390.40671 8.09978 -0.03175
391.20200 294.38742 71.00000 390.40779 8.09978 -0.03175
391.21900 294.37849 71.00000 390.40842 8.09978 -0.03175
391.23600 294.37224 71.00000 390.40841 8.09978 -0.03175
391.25300 294.36600 71.00000 390.40842 8.09978 -0.03175
391.28000 294.37240 71.00000 390.40841 8.09978 -0.03175
391.30200 294.37782 71.00000 390.40841 8.09978 -0.03175
391.31800 294.38649 71.00000 390.40840 8.09978 -0.03175
391.33500 294.40008 71.00000 390.40839 8.09978 -0.03175
391.35300 294.41368 71.00000 390.40839 8.09978 -0.03175
391.36800 294.42429 71.00000 390.40839 8.09978 -0.03175
391.38600 294.43171 71.00000 390.40838 8.09978 -0.03175
391.40300 294.43914 71.00000 390.40839 8.09978 -0.03175
391.41900 294.44493 71.00000 390.40839 8.09978 -0.03175
391.43600 294.44897 71.00000 390.40838 8.09978 -0.03175
391.45200 294.45303 71.00000 390.40839 8.09978 -0.03175
391.46900 294.45620 71.00000 390.40486 8.09978 -0.03175
391.48600 294.45840 71.00000 390.39486 8.09978 -0.03175
391.50300 294.46061 71.00000 390.38487 8.09978 -0.03175
391.51800 294.46233 71.00000 390.37354 8.09978 -0.03175
391.53600 294.46353 71.00000 390.35807 8.09978 -0.03175
391.55300 294.46474 71.00000 390.34263 8.09978 -0.03175
391.56900 294.46544 71.00000 390.32703 8.09978 -0.03175
391.58500 294.46543 71.00000 390.30859 8.09978 -0.03175
391.60300 294.46543 71.00000 390.29017 8.09978 -0.03175
391.61900 294.46895 71.00000 390.27224 8.09978 -0.03175
391.63700 294.47894 71.00000 390.25216 8.09978 -0.03175
391.65300 294.48894 71.00000 390.23211 8.09978 -0.03175
391.67000 294.50027 71.00000 390.21291 8.09978 -0.03175
391.68700 294.51570 71.00000 390.19194 8.09978 -0.03175
391.70300 294.53116 71.00000 390.17100 8.09978 -0.03175
391.72000 294.54675 71.00000 390.15110 8.09978 -0.03175
391.73800 294.56516 71.00000 390.12965 8.09978 -0.03175
391.75300 294.58360 71.00000 390.10821 8.09978 -0.03175
391.77000 294.59798 71.00000 390.08794 8.09978 -0.03175
391.78600 294.60803 71.00000 390.06622 8.09978 -0.03175
391.80300 294.61810 71.00000 390.04453 8.09978 -0.03175
391.82000 294.62595 71.00000 390.02405 8.09978 -0.03175
391.84000 294.63692 71.00000 389.98036 8.09978 -0.03175
391.86900 294.64120 71.00000 389.95977 8.09978 -0.03175
391.88600 294.64418 71.00000 389.93784 8.09978 -0.03175
391.90300 294.64718 71.00000 389.91593 8.09978 -0.03175
391.91900 294.64951 71.00000 389.89528 8.09978 -0.03175
391.93600 294.65113 71.00000 389.87330 8.09978 -0.03175
391.95300 294.65277 71.00000 389.85134 8.09978 -0.03175
391.96900 294.65372 71.00000 389.83066 8.09978 -0.03175
391.98500 294.65371 71.00000 389.80866 8.09978 -0.03175
392.00300 294.65371 71.00000 389.78668 8.09978 -0.03175
392.01900 294.65371 71.00000 389.76598 8.09978 -0.03175
392.03600 294.65370 71.00000 389.74397 8.09978 -0.03175
392.05300 294.65370 71.00000 389.72198 8.09978 -0.03175
392.06900 294.65370 71.00000 389.70126 8.09978 -0.03175
392.08600 294.65368 71.00000 389.67924 8.09978 -0.03175
392.10300 294.65369 71.00000 389.65725 8.09978 -0.03175
392.11900 294.65368 71.00000 389.63653 8.09978 -0.03175
392.13500 294.65367 71.00000 389.61451 8.09978 -0.03175
392.15300 294.65367 71.00000 389.59250 8.09978 -0.03175
392.16900 294.65367 71.00000 389.57178 8.09978 -0.03175
392.18600 294.65365 71.00000 389.54976 8.09978 -0.03175
392.20200 294.65366 71.00000 389.52775 8.09978 -0.03175
392.21900 294.65365 71.00000 389.50703 8.09978 -0.03175
392.23500 294.65364 71.00000 389.48501 8.09978 -0.03175
392.25300 294.65364 71.00000 389.46300 8.09978 -0.03175
392.26900 294.65364 71.00000 389.44228 8.09978 -0.03175
392.28600 294.65363 71.00000 389.42025 8.09978 -0.03175
392.30300 294.65363 71.00000 389.39825 8.09978 -0.03175
392.31900 294.65363 71.00000 389.37752 8.09978 -0.03175
392.33600 294.65361 71.00000 389.35550 8.09978 -0.03175
392.35300 294.65362 71.00000 389.33349 8.09978 -0.03175
392.36900 294.65361 71.00000 389.31277 8.09978 -0.03175
392.38500 294.65360 71.00000 389.29074 8.09978 -0.03175
392.40300 294.65360 71.00000 389.26873 8.09978 -0.03175
392.41900 294.65360 71.00000 389.24801 8.09978 -0.03175
392.43500 294.65358 71.00000 389.22598 8.09978 -0.03175
392.45300 294.65359 71.00000 389.20398 8.09978 -0.03175
392.46900 294.65358 71.00000 389.18325 8.09978 -0.03175
392.48700 294.65357 71.00000 389.16122 8.09978 -0.03175
392.50300 294.65357 71.00000 389.13922 8.09978 -0.03175
392.51900 294.65357 71.00000 389.11850 8.09978 -0.03175
392.53600 294.65356 71.00000 389.09647 8.09978 -0.03175
392.55300 294.65356 71.00000 389.07446 8.09978 -0.03175
392.56900 294.65356 71.00000 389.05374 8.09978 -0.03175
392.58600 294.65354 71.00000 389.03171 8.09978 -0.03175
392.60300 294.65355 71.00000 389.00970 8.09978 -0.03175
392.61900 294.65354 71.00000 388.98898 8.09978 -0.03175
392.63600 294.65353 71.00000 388.96695 8.09978 -0.03175
392.65300 294.65353 71.00000 388.94495 8.09978 -0.03175
392.66900 294.65353 71.00000 388.92422 8.09978 -0.03175
392.68600 294.65351 71.00000 388.90219 8.09978 -0.03175
392.70200 294.65352 71.00000 388.88019 8.09978 -0.03175
392.71900 294.65351 71.00000 388.85947 8.09978 -0.03175
392.73600 294.65350 71.00000 388.83744 8.09978 -0.03175
392.75300 294.65350 71.00000 388.81543 8.09978 -0.03175
392.76900 294.65350 71.00000 388.79471 8.09978 -0.03175
392.78600 294.65349 71.00000 388.77268 8.09978 -0.03175
392.80300 294.65349 71.00000 388.75067 8.09978 -0.03175
392.81900 294.65348 71.00000 388.72995 8.09978 -0.03175
392.83500 294.65347 71.00000 388.70792 8.09978 -0.03175
392.85300 294.65348 71.00000 388.68591 8.09978 -0.03175
392.86900 294.65347 71.00000 388.66519 8.09978 -0.03175
392.88600 294.65346 71.00000 388.64316 8.09978 -0.03175
392.90600 294.65346 71.00000 388.60043 8.09978 -0.03175
392.93500 294.65344 71.00000 388.57841 8.09978 -0.03175
392.95300 294.65345 71.00000 388.55640 8.09978 -0.03175
392.96900 294.65344 71.00000 388.53568 8.09978 -0.03175
392.98600 294.65343 71.00000 388.51365 8.09978 -0.03175
393.00300 294.65343 71.00000 388.49164 8.09978 -0.03175
393.01900 294.65343 71.00000 388.47092 8.09978 -0.03175
393.03600 294.65341 71.00000 388.44889 8.09978 -0.03175
393.05300 294.65342 71.00000 388.42688 8.09978 -0.03175
393.06900 294.65341 71.00000 388.40616 8.09978 -0.03175
393.08600 294.65340 71.00000 388.38413 8.99978 -1.68175
393.10300 294.65340 71.00000 388.36213 9.74978 -3.78175
393.12000 294.65317 71.00000 388.34141 10.49978 -5.88175
393.13600 294.65250 71.00000 388.31940 11.24978 -7.83175
393.15400 294.65185 71.00000 388.29742 11.84978 -9.93175
393.16900 294.65086 71.00000 388.27677 12.14978 -11.88175
393.18700 294.64912 71.00000 388.25490 12.44978 -13.38175
393.20300 294.64741 71.00000 388.23306 12.59978 -14.28175
393.22100 294.64538 71.00000 388.21130 12.89978 -15.33175
393.23600 294.64306 71.00000 388.19095 13.04978 -15.78175
393.25300 294.64059 71.00000 388.16933 13.19978 -16.08175
393.26900 294.63769 71.00000 388.14905 13.19978 -16.23175
393.28700 294.63357 71.00000 388.12763 13.19978 -16.38175
393.30300 294.62946 71.00000 388.10624 13.34978 -16.38175
393.32000 294.62525 71.00000 388.08613 13.34978 -16.38175
393.33600 294.62018 71.00000 388.06484 13.34978 -16.38175
393.35300 294.61512 71.00000 388.04357 13.34978 -16.38175
393.36900 294.61017 71.00000 388.02357 13.34978 -16.38175
393.38700 294.60458 71.00000 388.00235 13.34978 -16.38175
393.40300 294.59900 71.00000 387.98115 13.34978 -16.38175
393.41900 294.59365 71.00000 387.96120 13.34978 -16.38175
393.43600 294.58777 71.00000 387.94002 13.34978 -16.38175
393.45400 294.58191 71.00000 387.91886 13.34978 -16.38175
393.46900 294.57633 71.00000 387.89895 13.19978 -16.23175
393.48700 294.57030 71.00000 387.87779 13.19978 -15.48175
393.50300 294.56429 71.00000 387.85665 13.04978 -14.13175
393.52000 294.55872 71.00000 387.83671 12.74978 -12.33175
393.53600 294.55298 71.00000 387.81546 12.59978 -10.53175
393.55400 294.54726 71.00000 387.79423 12.29978 -8.88175
393.56900 294.54225 71.00000 387.77416 12.14978 -7.08175
393.58600 294.53757 71.00000 387.75267 11.54978 -5.88175
393.60300 294.53290 71.00000 387.73121 11.24978 -4.68175
393.61900 294.52897 71.00000 387.71093 10.94978 -3.48175
393.63600 294.52560 71.00000 387.68923 10.64978 -2.88175
393.65300 294.52224 71.00000 387.66755 10.49978 -2.43175
393.66900 294.51946 71.00000 387.64709 10.34978 -2.28175
393.68600 294.51719 71.00000 387.62525 10.34978 -2.28175
393.70300 294.51494 71.00000 387.60343 10.19978 -2.13175
393.71900 294.51304 71.00000 387.58286 10.19978 -1.98175
393.73500 294.51143 71.00000 387.56094 10.04978 -1.98175
393.75300 294.50983 71.00000 387.53905 10.04978 -1.98175
393.77000 294.50876 71.00000 387.51841 10.04978 -1.98175
393.78600 294.50841 71.00000 387.49645 10.04978 -1.98175
393.80300 294.50807 71.00000 387.47451 10.04978 -1.98175
393.81900 294.51127 71.00000 387.45372 10.04978 -1.98175
393.83700 294.52091 71.00000 387.43139 10.04978 -1.98175
393.85300 294.53056 71.00000 387.40908 10.04978 -1.98175
393.86900 294.54150 71.00000 387.38800 10.04978 -1.98175
393.88600 294.55640 71.00000 387.36547 10.04978 -1.98175
393.90300 294.57132 71.00000 387.34296 10.04978 -1.83175
393.91900 294.58638 71.00000 387.32173 10.04978 -1.83175
393.93700 294.60419 71.00000 387.29911 10.04978 -1.68175
393.95300 294.62201 71.00000 387.27652 9.89979 -1.38175
393.96900 294.63936 71.00000 387.25525 9.89979 -1.38175
393.98600 294.65883 71.00000 387.23266 9.74979 -1.23175
394.00300 294.67832 71.00000 387.21010 9.74979 -1.08175
394.01900 294.69699 71.00000 387.18887 9.59979 -0.93175
394.03600 294.71742 71.00000 387.16635 9.59979 -0.78175
394.05300 294.73787 71.00000 387.14385 9.59979 -0.63175
394.06900 294.75733 71.00000 387.12271 9.44979 -0.63175
394.08600 294.77836 71.00000 387.10030 9.44979 -0.48175
394.10300 294.79942 71.00000 387.07792 9.44979 -0.48175
394.12000 294.81583 71.00000 387.05690 9.44979 -0.48175
394.13600 294.82723 71.00000 387.03466 9.29979 -0.33175
394.15300 294.83864 71.00000 387.01245 9.14979 -0.03175
394.16900 294.84755 71.00000 386.99157 9.14979 0.11825
394.18600 294.85376 71.00000 386.96943 9.14979 0.26825
394.20300 294.86000 71.00000 386.94731 9.14979 0.41825
394.21900 294.86488 71.00000 386.92650 9.14979 0.41825
394.23600 294.86835 71.00000 386.90441 9.14979 0.41825
394.25300 294.87183 71.00000 386.88234 9.14979 0.41825
394.26900 294.87456 71.00000 386.86157 9.14979 0.41825
394.29300 294.87850 71.00000 386.81747 9.14979 0.41825
394.31900 294.88006 71.00000 386.79672 9.14979 0.41825
394.33600 294.88120 71.00000 386.77467 9.14979 0.41825
394.35300 294.88236 71.00000 386.75265 9.14979 0.41825
394.36900 294.88306 71.00000 386.73191 9.14979 0.41825
394.38600 294.88312 71.00000 386.70988 9.14979 0.41825
394.40200 294.88320 71.00000 386.68786 9.14979 0.41825
394.41900 294.88327 71.00000 386.66713 9.14979 0.41825
394.43600 294.88333 71.00000 386.64510 9.14979 0.41825
394.45400 294.88342 71.00000 386.62308 9.14979 0.41825
394.46900 294.88349 71.00000 386.60236 9.14979 0.41825
394.48700 294.88355 71.00000 386.58033 9.14979 0.41825
394.50400 294.88363 71.00000 386.55832 9.14979 0.41825
394.52000 294.88370 71.00000 386.53759 9.14979 0.41825
394.53900 294.88384 71.00000 386.49356 9.14979 0.41825
394.57000 294.88391 71.00000 386.47283 9.14979 0.41825
394.58700 294.88398 71.00000 386.45080 9.14979 0.41825
394.60300 294.88406 71.00000 386.42880 9.14979 0.41825
394.61900 294.88413 71.00000 386.40808 9.14979 0.41825
394.63600 294.88419 71.00000 386.38605 9.14979 0.41825
394.65300 294.88427 71.00000 386.36404 9.14979 0.41825
394.66900 294.88434 71.00000 386.34332 9.14979 0.41825
394.68600 294.88441 71.00000 386.32129 9.14979 0.41825
394.70300 294.88449 71.00000 386.29928 9.14979 0.41825
394.72000 294.88456 71.00000 386.27856 9.14979 0.41825
394.73600 294.88462 71.00000 386.25653 9.14979 0.41825
394.75300 294.88470 71.00000 386.23453 9.14979 0.41825
394.76900 294.88477 71.00000 386.21380 9.14979 0.41825
394.78600 294.88483 71.00000 386.19178 8.99979 0.41825
394.80300 294.88492 71.00000 386.16977 8.99979 0.41825
394.81900 294.88498 71.00000 386.14905 8.99979 0.41825
394.83600 294.88505 71.00000 386.12702 8.99979 0.41825
394.85300 294.88513 71.00000 386.10501 8.99979 0.41825
394.86900 294.88520 71.00000 386.08429 8.99979 0.41825
394.88600 294.88526 71.00000 386.06226 8.99979 0.41825
394.90300 294.88534 71.00000 386.04026 8.99979 0.41825
394.91900 294.88541 71.00000 386.01954 8.99979 0.41825
394.93600 294.88548 71.00000 385.99751 8.99979 0.41825
394.95300 294.88556 71.00000 385.97550 8.99979 0.41825
394.96900 294.88563 71.00000 385.95478 8.99979 0.41825
394.98600 294.88569 71.00000 385.93275 8.99979 0.41825
395.00300 294.88577 71.00000 385.91075 8.99979 0.41825
395.01900 294.88584 71.00000 385.89002 8.99979 0.41825
395.03600 294.88591 71.00000 385.86800 8.99979 0.41825
395.05300 294.88599 71.00000 385.84599 8.99979 0.41825
395.06900 294.88606 71.00000 385.82527 8.99979 0.41825
395.08600 294.88612 71.00000 385.80324 8.99979 0.41825
395.10300 294.88620 71.00000 385.78123 8.99979 0.41825
395.11900 294.88627 71.00000 385.76051 8.99979 0.41825
395.13500 294.88633 71.00000 385.73848 8.99979 0.41825
395.15300 294.88642 71.00000 385.71648 8.99979 0.41825
395.16800 294.88648 71.00000 385.69576 8.99979 0.41825
395.18600 294.88655 71.00000 385.67373 8.99979 0.41825
395.20200 294.88663 71.00000 385.65172 8.99979 0.41825
395.21800 294.88670 71.00000 385.63100 8.99979 0.41825
395.23600 294.88676 71.00000 385.60897 8.99979 0.41825
395.25300 294.88684 71.00000 385.58697 8.99979 0.41825
395.26900 294.88691 71.00000 385.56624 8.99979 0.41825
395.28600 294.88698 71.00000 385.54422 8.99979 0.41825
395.30200 294.88706 71.00000 385.52221 8.99979 0.41825
395.31800 294.88713 71.00000 385.50149 8.99979 0.41825
395.33600 294.88719 71.00000 385.47946 8.99979 0.41825
395.35300 294.88727 71.00000 385.45745 8.99979 0.41825
395.36800 294.88734 71.00000 385.43673 8.99979 0.41825
395.38600 294.88740 71.00000 385.41470 8.99979 0.41825
395.40300 294.88749 71.00000 385.39270 8.99979 0.41825
395.41800 294.88756 71.00000 385.37198 8.99979 0.41825
395.43600 294.88762 71.00000 385.34995 8.99979 0.41825
395.45200 294.88770 71.00000 385.32794 8.99979 0.41825
395.46800 294.88777 71.00000 385.30722 8.99979 0.41825
395.48600 294.88783 71.00000 385.28519 8.99979 0.41825
395.50300 294.88792 71.00000 385.26319 8.99979 0.41825
395.51900 294.88798 71.00000 385.24246 8.99979 0.41825
395.53600 294.88805 71.00000 385.22044 8.99979 0.41825
395.55200 294.88813 71.00000 385.19843 8.99979 0.41825
395.56800 294.88820 71.00000 385.17771 8.99979 0.41825
395.58600 294.88826 71.00000 385.15568 8.99979 0.41825
395.60200 294.88834 71.00000 385.13367 8.99979 0.41825
395.61800 294.88841 71.00000 385.11295 8.99979 0.41825
395.63500 294.88848 71.00000 385.09092 8.99979 0.41825
395.65200 294.88856 71.00000 385.06892 8.99979 0.41825
395.66800 294.88863 71.00000 385.04820 8.99979 0.41825
395.68600 294.88869 71.00000 385.02617 8.99979 0.41825
395.70300 294.88877 71.00000 385.00416 8.99979 0.41825
395.71900 294.88884 71.00000 384.98344 8.99979 0.41825
395.73600 294.88890 71.00000 384.96141 8.99979 0.41825
395.75300 294.88899 71.00000 384.93941 8.99979 0.41825
395.76900 294.88905 71.00000 384.91868 8.99979 0.41825
395.78600 294.88912 71.00000 384.89666 8.99979 0.41825
395.80300 294.88920 71.00000 384.87465 8.99979 0.41825
395.81900 294.88927 71.00000 384.85393 8.99979 0.41825
395.83600 294.88933 71.00000 384.83190 8.99979 0.41825
395.85300 294.88941 71.00000 384.80989 8.99979 0.41825
395.86800 294.88948 71.00000 384.78917 8.99979 0.41825
395.88600 294.88955 71.00000 384.76714 8.99979 0.41825
395.90300 294.88963 71.00000 384.74514 8.99979 0.41825
395.91900 294.88970 71.00000 384.72442 8.99979 0.41825
395.93600 294.88976 71.00000 384.70239 8.99979 0.41825
395.95400 294.88984 71.00000 384.68038 8.99979 0.41825
395.96900 294.88991 71.00000 384.65966 8.99979 0.41825
395.98600 294.88998 71.00000 384.63763 8.99979 0.41825
396.00300 294.89006 71.00000 384.61563 8.99979 0.41825
396.01900 294.89013 71.00000 384.59490 8.99979 0.41825
396.03600 294.89019 71.00000 384.57288 8.99979 0.41825
396.05300 294.89027 71.00000 384.55087 8.99979 0.41825
396.06900 294.89034 71.00000 384.53015 8.99979 0.41825
396.08600 294.89040 71.00000 384.50812 8.99979 0.41825
396.10300 294.89049 71.00000 384.48611 8.99979 0.41825
396.11900 294.89055 71.00000 384.46539 8.99979 0.41825
396.13600 294.89062 71.00000 384.44336 8.99979 0.41825
396.15300 294.89070 71.00000 384.42136 8.99979 0.41825
396.16900 294.89077 71.00000 384.40064 8.99979 0.41825
396.18500 294.89083 71.00000 384.37861 8.99979 0.41825
396.20200 294.89091 71.00000 384.35660 8.99979 0.41825
396.21900 294.89096 71.00000 384.33941 8.99979 0.41825
396.23600 294.89095 71.00000 384.32738 8.99979 0.41825
396.25300 294.89096 71.00000 384.31537 8.99979 0.41825
396.26900 294.89096 71.00000 384.30598 8.99979 0.41825
396.28600 294.89095 71.00000 384.29940 8.99979 0.41825
396.30300 294.89096 71.00000 384.29285 8.99979 0.41825
396.31900 294.89096 71.00000 384.28772 8.99979 0.41825
396.33600 294.89095 71.00000 384.28413 8.99979 0.41825
396.35300 294.89096 71.00000 384.28056 8.99979 0.41825
396.36900 294.89096 71.00000 384.27776 8.99979 0.41825
396.38600 294.89095 71.00000 384.27579 8.99979 0.41825
396.40300 294.89096 71.00000 384.27385 8.99979 0.41825
396.41900 294.89096 71.00000 384.27232 8.99979 0.41825
396.43600 294.89095 71.00000 384.27124 8.99979 0.41825
396.45300 294.89096 71.00000 384.27018 8.99979 0.41825
396.46900 294.89096 71.00000 384.26955 8.99979 0.41825
396.48600 294.89095 71.00000 384.26954 8.99979 0.41825
396.50300 294.89096 71.00000 384.26955 8.99979 0.41825
396.51900 294.89096 71.00000 384.26955 8.99979 0.41825
396.53600 294.89095 71.00000 384.26954 8.99979 0.41825
396.55300 294.89096 71.00000 384.26955 8.99979 0.41825
396.56900 294.89096 71.00000 384.26955 8.99979 0.41825
396.58600 294.89095 71.00000 384.26954 8.99979 0.41825
396.60300 294.89096 71.00000 384.26955 8.99979 0.41825
396.61900 294.89096 71.00000 384.26955 8.99979 0.41825
396.63600 294.89095 71.00000 384.26954 8.99979 0.41825
396.65300 294.89096 71.00000 384.26955 8.99979 0.41825
396.66900 294.89096 71.00000 384.26955 8.99979 0.41825
396.68600 294.89095 71.00000 384.26954 8.99979 0.41825
396.70300 294.89096 71.00000 384.26955 8.99979 0.41825
396.71900 294.89096 71.00000 384.26955 8.99979 0.41825
396.73600 294.89095 71.00000 384.26954 8.99979 0.41825
396.75500 294.89096 71.00000 384.26955 8.99979 0.41825
396.78900 294.89096 71.00000 384.26955 8.99979 0.41825
396.82200 294.89095 71.00000 384.26954 8.99979 0.41825
396.85300 294.89096 71.00000 384.26955 8.99979 0.41825
396.86900 294.89096 71.00000 384.26955 8.99979 0.41825
396.88600 294.89095 71.00000 384.26954 8.99979 0.41825
396.90300 294.89096 71.00000 384.26955 8.99979 0.41825
396.91900 294.89096 71.00000 384.26955 8.99979 0.41825
396.93600 294.89095 71.00000 384.26954 8.99979 0.41825
396.95400 294.89096 71.00000 384.26955 8.99979 0.41825
396.96900 294.89096 71.00000 384.26955 8.99979 0.41825
396.98600 294.89095 71.00000 384.26954 9.14979 0.26825
397.00300 294.89096 71.00000 384.26955 9.29979 0.26825
397.01900 294.89096 71.00000 384.26955 9.44979 0.26825
397.03600 294.89095 71.00000 384.26954 9.59979 0.26825
397.05300 294.89096 71.00000 384.26955 9.74979 0.26825
397.06900 294.89096 71.00000 384.26955 9.89979 0.26825
397.09400 294.89096 71.00000 384.26955 9.89979 0.26825
397.11900 294.89096 71.00000 384.26955 9.89979 0.26825
397.13600 294.89095 71.00000 384.26954 9.89979 0.26825
397.15400 294.89096 71.00000 384.26955 9.89979 0.41825
397.16900 294.89096 71.00000 384.26955 10.04978 0.71825
397.18700 294.89095 71.00000 384.26954 10.19978 1.01825
397.20400 294.89096 71.00000 384.26955 10.34978 1.31825
397.22000 294.89096 71.00000 384.26955 10.34978 1.46825
397.23600 294.89095 71.00000 384.26954 10.49978 1.46825
397.26300 294.89096 71.00000 384.26955 10.34978 1.46825
397.28700 294.89095 71.00000 384.26954 10.04978 1.31825
397.30300 294.89096 71.00000 384.26955 10.04978 1.31825
397.31900 294.89096 71.00000 384.26955 10.04978 1.31825
397.33500 294.89095 71.00000 384.26954 10.04978 1.31825
397.35300 294.89096 71.00000 384.26955 10.04978 1.31825
397.36900 294.89096 71.00000 384.26955 10.04978 1.31825
397.38600 294.89095 71.00000 384.26954 10.04978 1.31825
397.40300 294.89096 71.00000 384.26955 10.04978 1.31825
397.41900 294.89096 71.00000 384.26955 10.04978 1.31825
397.43600 294.89095 71.00000 384.26954 10.04978 1.31825
397.45300 294.89096 71.00000 384.26955 10.04978 1.31825
397.46900 294.89123 71.00000 384.25779 10.04978 1.31825
397.48600 294.89198 71.00000 384.22447 10.04978 1.31825
397.50300 294.89275 71.00000 384.19117 10.04978 1.31825
397.51900 294.89347 71.00000 384.15340 10.04978 1.31825
397.53600 294.89423 71.00000 384.10189 10.04978 1.31825
397.55300 294.89500 71.00000 384.05040 10.04978 1.31825
397.56900 294.89572 71.00000 383.99843 10.04978 1.31825
397.58600 294.89647 71.00000 383.93699 10.04978 1.31825
397.60300 294.89724 71.00000 383.87557 10.04978 1.31825
397.62000 294.89796 71.00000 383.81584 10.04978 1.31825
397.63600 294.89872 71.00000 383.74898 10.04978 1.31825
397.65300 294.89949 71.00000 383.68213 10.04978 1.31825
397.66900 294.90021 71.00000 383.61817 10.04978 1.31825
397.68600 294.90096 71.00000 383.54835 10.04978 1.31825
397.70300 294.90173 71.00000 383.47855 10.04978 1.31825
397.72000 294.90245 71.00000 383.41227 10.04978 1.31825
397.73600 294.90321 71.00000 383.34083 10.04978 1.31825
397.75300 294.90398 71.00000 383.26941 10.04978 1.46825
397.76900 294.90443 71.00000 383.21363 9.89978 1.61825
397.78900 294.90443 71.00000 383.13563 9.44978 1.61825
397.81900 294.90443 71.00000 383.10517 9.14979 1.46825
397.83600 294.90442 71.00000 383.08387 9.14979 1.31825
397.85300 294.90443 71.00000 383.06258 9.14979 1.31825
397.86900 294.90443 71.00000 383.04596 9.14979 1.31825
397.88600 294.90442 71.00000 383.03432 9.14979 1.31825
397.90300 294.90443 71.00000 383.02270 9.14979 1.31825
397.91900 294.90443 71.00000 383.01362 9.14979 1.31825
397.93600 294.90442 71.00000 383.00726 9.14979 1.31825
397.95300 294.90443 71.00000 383.00093 9.14979 1.31825
397.96900 294.90443 71.00000 382.99597 9.14979 1.31825
397.98600 294.90442 71.00000 382.99249 9.14979 1.31825
398.00300 294.90443 71.00000 382.98904 9.14979 1.31825
398.01900 294.89267 71.00000 382.98606 9.14979 1.31825
398.03700 294.85935 71.00000 382.98339 9.14979 1.31825
398.05300 294.82605 71.00000 382.98075 9.14979 1.31825
398.06900 294.80004 71.00000 382.97867 9.14979 1.31825
398.08600 294.78184 71.00000 382.97721 9.14979 1.31825
398.10300 294.76366 71.00000 382.97577 9.14979 1.31825
398.11900 294.74946 71.00000 382.97492 9.14979 1.31825
398.13600 294.73952 71.00000 382.97491 9.14979 1.31825
398.15300 294.72959 71.00000 382.97492 9.14979 1.31825
398.16900 294.72184 71.00000 382.97492 9.14979 1.31825
398.18600 294.71641 71.00000 382.97491 9.14979 1.31825
398.20300 294.71100 71.00000 382.97492 9.14979 1.31825
398.22000 294.70676 71.00000 382.97492 9.14979 1.31825
398.23600 294.70379 71.00000 382.97491 9.14979 1.31825
398.25300 294.70084 71.00000 382.97492 9.14979 1.31825
398.26900 294.69853 71.00000 382.97492 9.14979 1.31825
398.28700 294.69690 71.00000 382.97491 9.14979 1.31825
398.30300 294.69530 71.00000 382.97492 9.14979 1.31825
398.32100 294.70610 71.00000 382.97519 9.14979 1.31825
398.33600 294.73940 71.00000 382.97594 9.14979 1.31825
398.35300 294.77272 71.00000 382.97672 9.14979 1.31825
398.36900 294.81049 71.00000 382.97744 9.14979 1.31825
398.38700 294.86199 71.00000 382.97819 9.14979 1.31825
398.40400 294.91349 71.00000 382.97896 9.14979 1.31825
398.41900 294.95371 71.00000 382.97941 9.14979 1.31825
398.43600 294.98182 71.00000 382.97940 9.14979 1.31825
398.45300 295.00995 71.00000 382.97941 9.14979 1.31825
398.46900 295.03191 71.00000 382.97941 9.14979 1.31825
398.48700 295.04725 71.00000 382.97940 9.14979 1.31825
398.50300 295.06261 71.00000 382.97941 9.14979 1.31825
398.51900 295.07460 71.00000 382.97941 9.14979 1.31825
398.53600 295.08298 71.00000 382.97940 9.14979 1.31825
398.55300 295.09137 71.00000 382.97941 9.14979 1.31825
398.56900 295.09791 71.00000 382.97941 9.14979 1.31825
398.58600 295.10248 71.00000 382.97940 9.14979 1.31825
398.60200 295.10707 71.00000 382.97941 9.14979 1.31825
398.61900 295.11064 71.00000 382.97941 9.14979 1.31825
398.63600 295.11313 71.00000 382.97940 9.14979 1.31825
398.65300 295.11564 71.00000 382.97941 9.14979 1.31825
398.66900 295.10583 71.00000 382.97914 9.14979 1.31825
398.68600 295.07388 71.00000 382.97837 9.14979 1.31825
398.70300 295.04194 71.00000 382.97762 9.14979 1.31825
398.71900 295.00524 71.00000 382.97690 9.14979 1.31825
398.73600 294.95447 71.00000 382.97612 9.14979 1.31825
398.75300 294.90373 71.00000 382.97537 9.14979 1.31825
398.76900 294.86409 71.00000 382.97492 9.14979 1.31825
398.78800 294.83637 71.00000 382.97491 9.14979 1.31825
398.80300 294.80867 71.00000 382.97492 9.14979 1.31825
398.81900 294.78703 71.00000 382.97492 9.14979 1.31825
398.83600 294.77189 71.00000 382.97491 9.14979 1.31825
398.85300 294.75676 71.00000 382.97492 9.14979 1.31825
398.86800 294.74495 71.00000 382.97492 9.14979 1.31825
398.88600 294.73668 71.00000 382.97491 9.14979 1.31825
398.90300 294.72843 71.00000 382.97492 9.14979 1.31825
398.92000 294.72197 71.00000 382.97492 9.14979 1.31825
398.93600 294.71745 71.00000 382.97491 9.14979 1.31825
398.95400 294.71295 71.00000 382.97492 9.14979 1.31825
398.96900 294.70943 71.00000 382.97492 9.14979 1.31825
398.98700 294.70696 71.00000 382.97491 9.14979 1.31825
399.00400 294.70450 71.00000 382.97492 9.14979 1.31825
399.02000 294.70258 71.00000 382.97492 9.14979 1.31825
399.03600 294.70123 71.00000 382.97491 9.14979 1.31825
399.05300 294.69989 71.00000 382.97492 9.14979 1.31825
399.06900 294.69910 71.00000 382.97492 9.14979 1.31825
399.08600 294.69909 71.00000 382.97491 9.14979 1.31825
399.10400 294.69910 71.00000 382.97492 9.14979 1.31825
399.12000 294.69910 71.00000 382.97492 9.14979 1.31825
399.13600 294.69909 71.00000 382.97491 9.14979 1.31825
399.15400 294.69910 71.00000 382.97492 9.14979 1.31825
399.16900 294.68734 71.00000 382.97465 9.14979 1.31825
399.18600 294.65402 71.00000 382.97388 9.14979 1.31825
399.20300 294.62072 71.00000 382.97312 9.14979 1.31825
399.21900 294.58603 71.00000 382.98096 9.14979 1.31825
399.23600 294.54325 71.00000 383.00444 9.14979 1.31825
399.25300 294.50048 71.00000 383.02793 9.14979 1.31825
399.26900 294.45840 71.00000 383.05456 9.14979 1.31825
399.28600 294.41045 71.00000 383.09086 9.14979 1.31825
399.30200 294.36252 71.00000 383.12718 9.14979 1.31825
399.31900 294.32481 71.00000 383.16729 9.14979 1.31825
399.33600 294.29786 71.00000 383.22041 9.14979 1.31825
399.35300 294.27093 71.00000 383.27356 9.14979 1.31825
399.36900 294.24962 71.00000 383.32681 9.14979 1.31825
399.38600 294.23414 71.00000 383.38912 9.14979 1.31825
399.40300 294.21868 71.00000 383.45145 9.14979 1.31825
399.41900 294.20633 71.00000 383.51188 9.14979 1.31825
399.43600 294.19711 71.00000 383.57921 9.14979 1.31825
399.45300 294.18791 71.00000 383.64656 9.14979 1.31825
399.46900 294.18071 71.00000 383.69915 9.14979 1.31825
399.48600 294.17567 71.00000 383.73590 9.14979 1.31825
399.50300 294.17065 71.00000 383.77268 9.14979 1.31825
399.51900 294.16673 71.00000 383.80140 9.14979 1.31825
399.53600 294.16397 71.00000 383.82146 9.14979 1.31825
399.55300 294.16123 71.00000 383.84155 9.14979 1.31825
399.56900 294.15909 71.00000 383.85722 9.14979 1.31825
399.58600 294.15758 71.00000 383.86817 9.14979 1.31825
399.60300 294.15609 71.00000 383.87915 9.14979 1.31825
399.61900 294.15521 71.00000 383.88771 9.14979 1.31825
399.63600 294.15520 71.00000 383.89368 9.14979 1.31825
399.65400 294.15521 71.00000 383.89968 9.14979 1.31825
399.66900 294.15521 71.00000 383.90435 9.14979 1.31825
399.68500 294.15520 71.00000 383.90761 9.14979 1.31825
399.70300 294.15521 71.00000 383.91088 9.14979 1.31825
399.71900 294.15521 71.00000 383.91344 9.14979 1.31825
399.73600 294.15520 71.00000 383.91521 9.14979 1.31825
399.75500 294.15521 71.00000 383.91805 9.14979 1.31825
399.78600 294.15520 71.00000 383.91804 9.14979 1.31825
399.80300 294.15521 71.00000 383.91805 9.14979 1.31825
399.81900 294.16697 71.00000 383.91832 9.14979 1.31825
399.83600 294.20027 71.00000 383.91908 9.14979 1.31825
399.85300 294.23359 71.00000 383.91985 9.14979 1.31825
399.86900 294.27136 71.00000 383.92057 9.14979 1.31825
399.88600 294.32285 71.00000 383.92132 9.14979 1.31825
399.90300 294.37436 71.00000 383.92210 9.14979 1.31825
399.91900 294.42633 71.00000 383.92281 9.14979 1.31825
399.93500 294.48775 71.00000 383.92357 9.14979 1.31825
399.95300 294.54919 71.00000 383.92434 9.14979 1.31825
399.96900 294.59716 71.00000 383.92479 9.14979 1.31825
399.98600 294.63070 71.00000 383.92478 9.14979 1.31825
400.00300 294.66425 71.00000 383.92479 9.14979 1.31825
400.02000 294.69044 71.00000 383.92479 9.14979 1.31825
400.04400 294.72922 71.00000 383.92479 9.14979 1.31825
400.06900 294.74137 71.00000 383.92479 9.14979 1.31825
400.08600 294.75136 71.00000 383.92478 9.14979 1.31825
400.10300 294.76137 71.00000 383.92479 9.14979 1.31825
400.12000 294.76917 71.00000 383.92479 9.14979 1.31825
400.13600 294.77462 71.00000 383.92478 9.14979 1.31825
400.15300 294.78009 71.00000 383.92479 9.14979 1.31825
400.16900 294.78436 71.00000 383.92479 9.14979 1.31825
400.18600 294.78733 71.00000 383.92478 9.14979 1.31825
400.20300 294.79032 71.00000 383.92479 9.14979 1.31825
400.21900 294.78089 71.00000 383.92452 9.14979 1.31825
400.23600 294.74920 71.00000 383.92375 9.14979 1.31825
400.25400 294.71752 71.00000 383.92299 9.14979 1.31825
400.26900 294.68102 71.00000 383.92228 9.14979 1.31825
400.28600 294.63040 71.00000 383.92150 9.14979 1.31825
400.30300 294.57980 71.00000 383.92075 9.14979 1.31825
400.32000 294.54028 71.00000 383.92030 9.14979 1.31825
400.33700 294.51263 71.00000 383.92029 9.14979 1.31825
400.35400 294.48501 71.00000 383.92030 9.14979 1.31825
400.36900 294.46343 71.00000 383.92030 9.14979 1.31825
400.38600 294.44833 71.00000 383.92029 9.14979 1.31825
400.40300 294.43325 71.00000 383.92030 9.14979 1.31825
400.41900 294.42147 71.00000 383.92030 9.14979 1.31825
400.43600 294.41323 71.00000 383.92029 9.14979 1.31825
400.45300 294.40500 71.00000 383.92030 9.14979 1.31825
400.46900 294.39856 71.00000 383.92030 9.14979 1.31825
400.48600 294.39406 71.00000 383.92029 9.14979 1.31825
400.50300 294.38957 71.00000 383.92030 9.14979 1.31825
400.52100 294.38605 71.00000 383.92030 9.14979 1.31825
400.53600 294.38359 71.00000 383.92029 9.14979 1.31825
400.55300 294.38114 71.00000 383.92030 9.14979 1.31825
400.56900 294.37922 71.00000 383.92030 9.14979 1.31825
400.58600 294.37787 71.00000 383.92029 9.14979 1.31825
400.60300 294.37654 71.00000 383.92030 9.14979 1.31825
400.61900 294.37575 71.00000 383.92030 9.14979 1.31825
400.63600 294.37575 71.00000 383.92029 9.14979 1.31825
400.65400 294.37575 71.00000 383.92030 9.14979 1.31825
400.66800 294.37575 71.00000 383.92030 9.14979 1.31825
400.68600 294.37575 71.00000 383.92029 9.14979 1.31825
400.70400 294.37575 71.00000 383.92030 9.14979 1.31825
400.71900 294.37575 71.00000 383.92030 9.14979 1.31825
400.73600 294.37575 71.00000 383.92029 9.14979 1.31825
400.75300 294.37575 71.00000 383.92030 9.14979 1.31825
400.76900 294.37575 71.00000 383.92030 9.14979 1.31825
400.78600 294.37575 71.00000 383.92029 9.14979 1.31825
400.80300 294.37575 71.00000 383.92030 9.14979 1.31825
400.81900 294.37575 71.00000 383.92030 9.14979 1.31825
400.83600 294.37575 71.00000 383.92029 9.14979 1.31825
400.85300 294.37575 71.00000 383.92030 9.14979 1.31825
400.86900 294.37575 71.00000 383.92030 9.14979 1.31825
400.88500 294.37575 71.00000 383.92029 9.14979 1.31825
400.90200 294.37575 71.00000 383.92030 9.14979 1.31825
400.91900 294.37575 71.00000 383.92030 9.14979 1.31825
400.93500 294.37575 71.00000 383.92029 9.14979 1.31825
400.95200 294.37575 71.00000 383.92030 9.14979 1.31825
400.96800 294.37575 71.00000 383.92030 9.14979 1.31825
400.98500 294.37575 71.00000 383.92029 9.14979 1.31825
401.00200 294.37575 71.00000 383.92030 9.14979 1.31825
401.01800 294.37575 71.00000 383.92030 9.14979 1.31825
401.03500 294.37575 71.00000 383.92029 9.14979 1.31825
401.05200 294.37575 71.00000 383.92030 9.14979 1.31825
401.06800 294.37575 71.00000 383.92030 9.14979 1.31825
401.08500 294.37575 71.00000 383.92029 9.14979 1.31825
401.10200 294.37575 71.00000 383.92030 9.14979 1.31825
401.11800 294.37575 71.00000 383.92030 9.14979 1.31825
401.13500 294.37575 71.00000 383.92029 9.14979 1.31825
401.15200 294.37575 71.00000 383.92030 9.14979 1.31825
401.16800 294.37575 71.00000 383.92030 9.14979 1.31825
401.18500 294.37575 71.00000 383.92029 9.14979 1.31825
401.20200 294.37575 71.00000 383.92030 9.14979 1.31825
401.21800 294.37575 71.00000 383.92030 9.14979 1.31825
401.23500 294.37575 71.00000 383.92029 9.14979 1.31825
401.25200 294.37575 71.00000 383.92030 9.14979 1.31825
401.26800 294.37575 71.00000 383.92030 9.14979 1.31825
401.28500 294.37575 71.00000 383.92029 9.14979 1.31825
401.30200 294.37575 71.00000 383.92030 9.14979 1.31825
401.31800 294.37575 71.00000 383.92030 9.14979 1.31825
401.33500 294.37575 71.00000 383.92029 9.14979 1.31825
401.35200 294.37575 71.00000 383.92030 9.14979 1.31825
401.36800 294.37575 71.00000 383.92030 9.14979 1.31825
401.38500 294.37575 71.00000 383.92029 9.14979 1.31825
401.40200 294.37575 71.00000 383.92030 9.14979 1.31825
401.41800 294.37575 71.00000 383.92030 9.14979 1.31825
401.43600 294.37575 71.00000 383.92029 9.14979 1.31825
401.45200 294.37575 71.00000 383.92030 9.14979 1.31825
401.46800 294.37575 71.00000 383.92030 9.14979 1.31825
401.48500 294.37575 71.00000 383.92029 9.14979 1.31825
401.50200 294.37575 71.00000 383.92030 9.14979 1.31825
401.51800 294.37575 71.00000 383.92030 9.14979 1.31825
