2.000000000000000000e+01 2.000000000000000000e+01 1.000000000000000000e+00 1.000000000000000000e+00 -3.501037691048548339e+00 -2.567427640102268871e+00 4.000000000000000000e+00 4.000000000000000000e+00
2.000000000000000000e+01 6.000000000000000000e+01 1.000000000000000000e+00 1.000000000000000000e+00 -3.501037691048548339e+00 -2.100622614629129359e+00 4.000000000000000000e+00 4.000000000000000000e+00
2.000000000000000000e+01 1.000000000000000000e+02 1.000000000000000000e+00 1.000000000000000000e+00 -3.501037691048548339e+00 -1.633817589155989403e+00 4.000000000000000000e+00 4.000000000000000000e+00
2.000000000000000000e+01 1.400000000000000000e+02 1.000000000000000000e+00 1.000000000000000000e+00 -3.501037691048548339e+00 -1.167012563682849668e+00 4.000000000000000000e+00 4.000000000000000000e+00
2.000000000000000000e+01 1.800000000000000000e+02 1.000000000000000000e+00 1.000000000000000000e+00 -3.501037691048548339e+00 -7.002075382097099343e-01 4.000000000000000000e+00 4.000000000000000000e+00
2.000000000000000000e+01 2.200000000000000000e+02 1.000000000000000000e+00 1.000000000000000000e+00 -3.501037691048548339e+00 -2.334025127365699781e-01 4.000000000000000000e+00 4.000000000000000000e+00
2.000000000000000000e+01 2.600000000000000000e+02 1.000000000000000000e+00 1.000000000000000000e+00 -3.501037691048548339e+00 2.334025127365695340e-01 4.000000000000000000e+00 4.000000000000000000e+00
2.000000000000000000e+01 3.000000000000000000e+02 1.000000000000000000e+00 1.000000000000000000e+00 -3.501037691048548339e+00 7.002075382097094902e-01 4.000000000000000000e+00 4.000000000000000000e+00
2.000000000000000000e+01 3.400000000000000000e+02 1.000000000000000000e+00 1.000000000000000000e+00 -3.501037691048548339e+00 1.167012563682849446e+00 4.000000000000000000e+00 4.000000000000000000e+00
2.000000000000000000e+01 3.800000000000000000e+02 1.000000000000000000e+00 1.000000000000000000e+00 -3.501037691048548339e+00 1.633817589155989403e+00 4.000000000000000000e+00 4.000000000000000000e+00
2.000000000000000000e+01 4.200000000000000000e+02 1.000000000000000000e+00 1.000000000000000000e+00 -3.501037691048548339e+00 2.100622614629128471e+00 4.000000000000000000e+00 4.000000000000000000e+00
2.000000000000000000e+01 4.600000000000000000e+02 1.000000000000000000e+00 1.000000000000000000e+00 -3.501037691048548339e+00 2.567427640102268427e+00 4.000000000000000000e+00 4.000000000000000000e+00
6.000000000000000000e+01 2.000000000000000000e+01 1.000000000000000000e+00 1.000000000000000000e+00 -3.034232665575408383e+00 -2.567427640102268871e+00 4.000000000000000000e+00 4.000000000000000000e+00
6.000000000000000000e+01 6.000000000000000000e+01 1.000000000000000000e+00 1.000000000000000000e+00 -3.034232665575408383e+00 -2.100622614629129359e+00 4.000000000000000000e+00 4.000000000000000000e+00
6.000000000000000000e+01 1.000000000000000000e+02 1.000000000000000000e+00 1.000000000000000000e+00 -3.034232665575408383e+00 -1.633817589155989403e+00 4.000000000000000000e+00 4.000000000000000000e+00
6.000000000000000000e+01 1.400000000000000000e+02 1.000000000000000000e+00 1.000000000000000000e+00 -3.034232665575408383e+00 -1.167012563682849668e+00 4.000000000000000000e+00 4.000000000000000000e+00
6.000000000000000000e+01 1.800000000000000000e+02 1.000000000000000000e+00 1.000000000000000000e+00 -3.034232665575408383e+00 -7.002075382097099343e-01 4.000000000000000000e+00 4.000000000000000000e+00
6.000000000000000000e+01 2.200000000000000000e+02 1.000000000000000000e+00 1.000000000000000000e+00 -3.034232665575408383e+00 -2.334025127365699781e-01 4.000000000000000000e+00 4.000000000000000000e+00
6.000000000000000000e+01 2.600000000000000000e+02 1.000000000000000000e+00 1.000000000000000000e+00 -3.034232665575408383e+00 2.334025127365695340e-01 4.000000000000000000e+00 4.000000000000000000e+00
6.000000000000000000e+01 3.000000000000000000e+02 1.000000000000000000e+00 1.000000000000000000e+00 -3.034232665575408383e+00 7.002075382097094902e-01 4.000000000000000000e+00 4.000000000000000000e+00
6.000000000000000000e+01 3.400000000000000000e+02 1.000000000000000000e+00 1.000000000000000000e+00 -3.034232665575408383e+00 1.167012563682849446e+00 4.000000000000000000e+00 4.000000000000000000e+00
6.000000000000000000e+01 3.800000000000000000e+02 1.000000000000000000e+00 1.000000000000000000e+00 -3.034232665575408383e+00 1.633817589155989403e+00 4.000000000000000000e+00 4.000000000000000000e+00
6.000000000000000000e+01 4.200000000000000000e+02 1.000000000000000000e+00 1.000000000000000000e+00 -3.034232665575408383e+00 2.100622614629128471e+00 4.000000000000000000e+00 4.000000000000000000e+00
6.000000000000000000e+01 4.600000000000000000e+02 1.000000000000000000e+00 1.000000000000000000e+00 -3.034232665575408383e+00 2.567427640102268427e+00 4.000000000000000000e+00 4.000000000000000000e+00
1.000000000000000000e+02 2.000000000000000000e+01 1.000000000000000000e+00 1.000000000000000000e+00 -2.567427640102268871e+00 -2.567427640102268871e+00 4.000000000000000000e+00 4.000000000000000000e+00
1.000000000000000000e+02 6.000000000000000000e+01 1.000000000000000000e+00 1.000000000000000000e+00 -2.567427640102268871e+00 -2.100622614629129359e+00 4.000000000000000000e+00 4.000000000000000000e+00
1.000000000000000000e+02 1.000000000000000000e+02 1.000000000000000000e+00 1.000000000000000000e+00 -2.567427640102268871e+00 -1.633817589155989403e+00 4.000000000000000000e+00 4.000000000000000000e+00
1.000000000000000000e+02 1.400000000000000000e+02 1.000000000000000000e+00 1.000000000000000000e+00 -2.567427640102268871e+00 -1.167012563682849668e+00 4.000000000000000000e+00 4.000000000000000000e+00
1.000000000000000000e+02 1.800000000000000000e+02 1.000000000000000000e+00 1.000000000000000000e+00 -2.567427640102268871e+00 -7.002075382097099343e-01 4.000000000000000000e+00 4.000000000000000000e+00
1.000000000000000000e+02 2.200000000000000000e+02 1.000000000000000000e+00 1.000000000000000000e+00 -2.567427640102268871e+00 -2.334025127365699781e-01 4.000000000000000000e+00 4.000000000000000000e+00
1.000000000000000000e+02 2.600000000000000000e+02 1.000000000000000000e+00 1.000000000000000000e+00 -2.567427640102268871e+00 2.334025127365695340e-01 4.000000000000000000e+00 4.000000000000000000e+00
1.000000000000000000e+02 3.000000000000000000e+02 1.000000000000000000e+00 1.000000000000000000e+00 -2.567427640102268871e+00 7.002075382097094902e-01 4.000000000000000000e+00 4.000000000000000000e+00
1.000000000000000000e+02 3.400000000000000000e+02 1.000000000000000000e+00 1.000000000000000000e+00 -2.567427640102268871e+00 1.167012563682849446e+00 4.000000000000000000e+00 4.000000000000000000e+00
1.000000000000000000e+02 3.800000000000000000e+02 1.000000000000000000e+00 1.000000000000000000e+00 -2.567427640102268871e+00 1.633817589155989403e+00 4.000000000000000000e+00 4.000000000000000000e+00
1.000000000000000000e+02 4.200000000000000000e+02 1.000000000000000000e+00 1.000000000000000000e+00 -2.567427640102268871e+00 2.100622614629128471e+00 4.000000000000000000e+00 4.000000000000000000e+00
1.000000000000000000e+02 4.600000000000000000e+02 1.000000000000000000e+00 1.000000000000000000e+00 -2.567427640102268871e+00 2.567427640102268427e+00 4.000000000000000000e+00 4.000000000000000000e+00
1.400000000000000000e+02 2.000000000000000000e+01 1.000000000000000000e+00 1.000000000000000000e+00 -2.100622614629129359e+00 -2.567427640102268871e+00 4.000000000000000000e+00 4.000000000000000000e+00
1.400000000000000000e+02 6.000000000000000000e+01 1.000000000000000000e+00 1.000000000000000000e+00 -2.100622614629129359e+00 -2.100622614629129359e+00 4.000000000000000000e+00 4.000000000000000000e+00
1.400000000000000000e+02 1.000000000000000000e+02 1.000000000000000000e+00 1.000000000000000000e+00 -2.100622614629129359e+00 -1.633817589155989403e+00 4.000000000000000000e+00 4.000000000000000000e+00
1.400000000000000000e+02 1.400000000000000000e+02 1.000000000000000000e+00 1.000000000000000000e+00 -2.100622614629129359e+00 -1.167012563682849668e+00 4.000000000000000000e+00 4.000000000000000000e+00
1.400000000000000000e+02 1.800000000000000000e+02 1.000000000000000000e+00 1.000000000000000000e+00 -2.100622614629129359e+00 -7.002075382097099343e-01 4.000000000000000000e+00 4.000000000000000000e+00
1.400000000000000000e+02 2.200000000000000000e+02 1.000000000000000000e+00 1.000000000000000000e+00 -2.100622614629129359e+00 -2.334025127365699781e-01 4.000000000000000000e+00 4.000000000000000000e+00
1.400000000000000000e+02 2.600000000000000000e+02 1.000000000000000000e+00 1.000000000000000000e+00 -2.100622614629129359e+00 2.334025127365695340e-01 4.000000000000000000e+00 4.000000000000000000e+00
1.400000000000000000e+02 3.000000000000000000e+02 1.000000000000000000e+00 1.000000000000000000e+00 -2.100622614629129359e+00 7.002075382097094902e-01 4.000000000000000000e+00 4.000000000000000000e+00
1.400000000000000000e+02 3.400000000000000000e+02 1.000000000000000000e+00 1.000000000000000000e+00 -2.100622614629129359e+00 1.167012563682849446e+00 4.000000000000000000e+00 4.000000000000000000e+00
1.400000000000000000e+02 3.800000000000000000e+02 1.000000000000000000e+00 1.000000000000000000e+00 -2.100622614629129359e+00 1.633817589155989403e+00 4.000000000000000000e+00 4.000000000000000000e+00
1.400000000000000000e+02 4.200000000000000000e+02 1.000000000000000000e+00 1.000000000000000000e+00 -2.100622614629129359e+00 2.100622614629128471e+00 4.000000000000000000e+00 4.000000000000000000e+00
1.400000000000000000e+02 4.600000000000000000e+02 1.000000000000000000e+00 1.000000000000000000e+00 -2.100622614629129359e+00 2.567427640102268427e+00 4.000000000000000000e+00 4.000000000000000000e+00
1.800000000000000000e+02 2.000000000000000000e+01 1.000000000000000000e+00 1.000000000000000000e+00 -1.633817589155989403e+00 -2.567427640102268871e+00 4.000000000000000000e+00 4.000000000000000000e+00
1.800000000000000000e+02 6.000000000000000000e+01 1.000000000000000000e+00 1.000000000000000000e+00 -1.633817589155989403e+00 -2.100622614629129359e+00 4.000000000000000000e+00 4.000000000000000000e+00
1.800000000000000000e+02 1.000000000000000000e+02 1.000000000000000000e+00 1.000000000000000000e+00 -1.633817589155989403e+00 -1.633817589155989403e+00 4.000000000000000000e+00 4.000000000000000000e+00
1.800000000000000000e+02 1.400000000000000000e+02 1.000000000000000000e+00 1.000000000000000000e+00 -1.633817589155989403e+00 -1.167012563682849668e+00 4.000000000000000000e+00 4.000000000000000000e+00
1.800000000000000000e+02 1.800000000000000000e+02 1.000000000000000000e+00 1.000000000000000000e+00 -1.633817589155989403e+00 -7.002075382097099343e-01 4.000000000000000000e+00 4.000000000000000000e+00
1.800000000000000000e+02 2.200000000000000000e+02 1.000000000000000000e+00 1.000000000000000000e+00 -1.633817589155989403e+00 -2.334025127365699781e-01 4.000000000000000000e+00 4.000000000000000000e+00
1.800000000000000000e+02 2.600000000000000000e+02 1.000000000000000000e+00 1.000000000000000000e+00 -1.633817589155989403e+00 2.334025127365695340e-01 4.000000000000000000e+00 4.000000000000000000e+00
1.800000000000000000e+02 3.000000000000000000e+02 1.000000000000000000e+00 1.000000000000000000e+00 -1.633817589155989403e+00 7.002075382097094902e-01 4.000000000000000000e+00 4.000000000000000000e+00
1.800000000000000000e+02 3.400000000000000000e+02 1.000000000000000000e+00 1.000000000000000000e+00 -1.633817589155989403e+00 1.167012563682849446e+00 4.000000000000000000e+00 4.000000000000000000e+00
1.800000000000000000e+02 3.800000000000000000e+02 1.000000000000000000e+00 1.000000000000000000e+00 -1.633817589155989403e+00 1.633817589155989403e+00 4.000000000000000000e+00 4.000000000000000000e+00
1.800000000000000000e+02 4.200000000000000000e+02 1.000000000000000000e+00 1.000000000000000000e+00 -1.633817589155989403e+00 2.100622614629128471e+00 4.000000000000000000e+00 4.000000000000000000e+00
1.800000000000000000e+02 4.600000000000000000e+02 1.000000000000000000e+00 1.000000000000000000e+00 -1.633817589155989403e+00 2.567427640102268427e+00 4.000000000000000000e+00 4.000000000000000000e+00
2.200000000000000000e+02 2.000000000000000000e+01 1.000000000000000000e+00 1.000000000000000000e+00 -1.167012563682849446e+00 -2.567427640102268871e+00 4.000000000000000000e+00 4.000000000000000000e+00
2.200000000000000000e+02 6.000000000000000000e+01 1.000000000000000000e+00 1.000000000000000000e+00 -1.167012563682849446e+00 -2.100622614629129359e+00 4.000000000000000000e+00 4.000000000000000000e+00
2.200000000000000000e+02 1.000000000000000000e+02 1.000000000000000000e+00 1.000000000000000000e+00 -1.167012563682849446e+00 -1.633817589155989403e+00 4.000000000000000000e+00 4.000000000000000000e+00
2.200000000000000000e+02 1.400000000000000000e+02 1.000000000000000000e+00 1.000000000000000000e+00 -1.167012563682849446e+00 -1.167012563682849668e+00 4.000000000000000000e+00 4.000000000000000000e+00
2.200000000000000000e+02 1.800000000000000000e+02 1.000000000000000000e+00 1.000000000000000000e+00 -1.167012563682849446e+00 -7.002075382097099343e-01 4.000000000000000000e+00 4.000000000000000000e+00
2.200000000000000000e+02 2.200000000000000000e+02 1.000000000000000000e+00 1.000000000000000000e+00 -1.167012563682849446e+00 -2.334025127365699781e-01 4.000000000000000000e+00 4.000000000000000000e+00
2.200000000000000000e+02 2.600000000000000000e+02 1.000000000000000000e+00 1.000000000000000000e+00 -1.167012563682849446e+00 2.334025127365695340e-01 4.000000000000000000e+00 4.000000000000000000e+00
2.200000000000000000e+02 3.000000000000000000e+02 1.000000000000000000e+00 1.000000000000000000e+00 -1.167012563682849446e+00 7.002075382097094902e-01 4.000000000000000000e+00 4.000000000000000000e+00
2.200000000000000000e+02 3.400000000000000000e+02 1.000000000000000000e+00 1.000000000000000000e+00 -1.167012563682849446e+00 1.167012563682849446e+00 4.000000000000000000e+00 4.000000000000000000e+00
2.200000000000000000e+02 3.800000000000000000e+02 1.000000000000000000e+00 1.000000000000000000e+00 -1.167012563682849446e+00 1.633817589155989403e+00 4.000000000000000000e+00 4.000000000000000000e+00
2.200000000000000000e+02 4.200000000000000000e+02 1.000000000000000000e+00 1.000000000000000000e+00 -1.167012563682849446e+00 2.100622614629128471e+00 4.000000000000000000e+00 4.000000000000000000e+00
2.200000000000000000e+02 4.600000000000000000e+02 1.000000000000000000e+00 1.000000000000000000e+00 -1.167012563682849446e+00 2.567427640102268427e+00 4.000000000000000000e+00 4.000000000000000000e+00
2.600000000000000000e+02 2.000000000000000000e+01 1.000000000000000000e+00 1.000000000000000000e+00 -7.002075382097099343e-01 -2.567427640102268871e+00 4.000000000000000000e+00 4.000000000000000000e+00
2.600000000000000000e+02 6.000000000000000000e+01 1.000000000000000000e+00 1.000000000000000000e+00 -7.002075382097099343e-01 -2.100622614629129359e+00 4.000000000000000000e+00 4.000000000000000000e+00
2.600000000000000000e+02 1.000000000000000000e+02 1.000000000000000000e+00 1.000000000000000000e+00 -7.002075382097099343e-01 -1.633817589155989403e+00 4.000000000000000000e+00 4.000000000000000000e+00
2.600000000000000000e+02 1.400000000000000000e+02 1.000000000000000000e+00 1.000000000000000000e+00 -7.002075382097099343e-01 -1.167012563682849668e+00 4.000000000000000000e+00 4.000000000000000000e+00
2.600000000000000000e+02 1.800000000000000000e+02 1.000000000000000000e+00 1.000000000000000000e+00 -7.002075382097099343e-01 -7.002075382097099343e-01 4.000000000000000000e+00 4.000000000000000000e+00
2.600000000000000000e+02 2.200000000000000000e+02 1.000000000000000000e+00 1.000000000000000000e+00 -7.002075382097099343e-01 -2.334025127365699781e-01 4.000000000000000000e+00 4.000000000000000000e+00
2.600000000000000000e+02 2.600000000000000000e+02 1.000000000000000000e+00 1.000000000000000000e+00 -7.002075382097099343e-01 2.334025127365695340e-01 4.000000000000000000e+00 4.000000000000000000e+00
2.600000000000000000e+02 3.000000000000000000e+02 1.000000000000000000e+00 1.000000000000000000e+00 -7.002075382097099343e-01 7.002075382097094902e-01 4.000000000000000000e+00 4.000000000000000000e+00
2.600000000000000000e+02 3.400000000000000000e+02 1.000000000000000000e+00 1.000000000000000000e+00 -7.002075382097099343e-01 1.167012563682849446e+00 4.000000000000000000e+00 4.000000000000000000e+00
2.600000000000000000e+02 3.800000000000000000e+02 1.000000000000000000e+00 1.000000000000000000e+00 -7.002075382097099343e-01 1.633817589155989403e+00 4.000000000000000000e+00 4.000000000000000000e+00
2.600000000000000000e+02 4.200000000000000000e+02 1.000000000000000000e+00 1.000000000000000000e+00 -7.002075382097099343e-01 2.100622614629128471e+00 4.000000000000000000e+00 4.000000000000000000e+00
2.600000000000000000e+02 4.600000000000000000e+02 1.000000000000000000e+00 1.000000000000000000e+00 -7.002075382097099343e-01 2.567427640102268427e+00 4.000000000000000000e+00 4.000000000000000000e+00
3.000000000000000000e+02 2.000000000000000000e+01 1.000000000000000000e+00 1.000000000000000000e+00 -2.334025127365699781e-01 -2.567427640102268871e+00 4.000000000000000000e+00 4.000000000000000000e+00
3.000000000000000000e+02 6.000000000000000000e+01 1.000000000000000000e+00 1.000000000000000000e+00 -2.334025127365699781e-01 -2.100622614629129359e+00 4.000000000000000000e+00 4.000000000000000000e+00
3.000000000000000000e+02 1.000000000000000000e+02 1.000000000000000000e+00 1.000000000000000000e+00 -2.334025127365699781e-01 -1.633817589155989403e+00 4.000000000000000000e+00 4.000000000000000000e+00
3.000000000000000000e+02 1.400000000000000000e+02 1.000000000000000000e+00 1.000000000000000000e+00 -2.334025127365699781e-01 -1.167012563682849668e+00 4.000000000000000000e+00 4.000000000000000000e+00
3.000000000000000000e+02 1.800000000000000000e+02 1.000000000000000000e+00 1.000000000000000000e+00 -2.334025127365699781e-01 -7.002075382097099343e-01 4.000000000000000000e+00 4.000000000000000000e+00
3.000000000000000000e+02 2.200000000000000000e+02 1.000000000000000000e+00 1.000000000000000000e+00 -2.334025127365699781e-01 -2.334025127365699781e-01 4.000000000000000000e+00 4.000000000000000000e+00
3.000000000000000000e+02 2.600000000000000000e+02 1.000000000000000000e+00 1.000000000000000000e+00 -2.334025127365699781e-01 2.334025127365695340e-01 4.000000000000000000e+00 4.000000000000000000e+00
3.000000000000000000e+02 3.000000000000000000e+02 1.000000000000000000e+00 1.000000000000000000e+00 -2.334025127365699781e-01 7.002075382097094902e-01 4.000000000000000000e+00 4.000000000000000000e+00
3.000000000000000000e+02 3.400000000000000000e+02 1.000000000000000000e+00 1.000000000000000000e+00 -2.334025127365699781e-01 1.167012563682849446e+00 4.000000000000000000e+00 4.000000000000000000e+00
3.000000000000000000e+02 3.800000000000000000e+02 1.000000000000000000e+00 1.000000000000000000e+00 -2.334025127365699781e-01 1.633817589155989403e+00 4.000000000000000000e+00 4.000000000000000000e+00
3.000000000000000000e+02 4.200000000000000000e+02 1.000000000000000000e+00 1.000000000000000000e+00 -2.334025127365699781e-01 2.100622614629128471e+00 4.000000000000000000e+00 4.000000000000000000e+00
3.000000000000000000e+02 4.600000000000000000e+02 1.000000000000000000e+00 1.000000000000000000e+00 -2.334025127365699781e-01 2.567427640102268427e+00 4.000000000000000000e+00 4.000000000000000000e+00
3.400000000000000000e+02 2.000000000000000000e+01 1.000000000000000000e+00 1.000000000000000000e+00 2.334025127365699781e-01 -2.567427640102268871e+00 4.000000000000000000e+00 4.000000000000000000e+00
3.400000000000000000e+02 6.000000000000000000e+01 1.000000000000000000e+00 1.000000000000000000e+00 2.334025127365699781e-01 -2.100622614629129359e+00 4.000000000000000000e+00 4.000000000000000000e+00
3.400000000000000000e+02 1.000000000000000000e+02 1.000000000000000000e+00 1.000000000000000000e+00 2.334025127365699781e-01 -1.633817589155989403e+00 4.000000000000000000e+00 4.000000000000000000e+00
3.400000000000000000e+02 1.400000000000000000e+02 1.000000000000000000e+00 1.000000000000000000e+00 2.334025127365699781e-01 -1.167012563682849668e+00 4.000000000000000000e+00 4.000000000000000000e+00
3.400000000000000000e+02 1.800000000000000000e+02 1.000000000000000000e+00 1.000000000000000000e+00 2.334025127365699781e-01 -7.002075382097099343e-01 4.000000000000000000e+00 4.000000000000000000e+00
3.400000000000000000e+02 2.200000000000000000e+02 1.000000000000000000e+00 1.000000000000000000e+00 2.334025127365699781e-01 -2.334025127365699781e-01 4.000000000000000000e+00 4.000000000000000000e+00
3.400000000000000000e+02 2.600000000000000000e+02 1.000000000000000000e+00 1.000000000000000000e+00 2.334025127365699781e-01 2.334025127365695340e-01 4.000000000000000000e+00 4.000000000000000000e+00
3.400000000000000000e+02 3.000000000000000000e+02 1.000000000000000000e+00 1.000000000000000000e+00 2.334025127365699781e-01 7.002075382097094902e-01 4.000000000000000000e+00 4.000000000000000000e+00
3.400000000000000000e+02 3.400000000000000000e+02 1.000000000000000000e+00 1.000000000000000000e+00 2.334025127365699781e-01 1.167012563682849446e+00 4.000000000000000000e+00 4.000000000000000000e+00
3.400000000000000000e+02 3.800000000000000000e+02 1.000000000000000000e+00 1.000000000000000000e+00 2.334025127365699781e-01 1.633817589155989403e+00 4.000000000000000000e+00 4.000000000000000000e+00
3.400000000000000000e+02 4.200000000000000000e+02 1.000000000000000000e+00 1.000000000000000000e+00 2.334025127365699781e-01 2.100622614629128471e+00 4.000000000000000000e+00 4.000000000000000000e+00
3.400000000000000000e+02 4.600000000000000000e+02 1.000000000000000000e+00 1.000000000000000000e+00 2.334025127365699781e-01 2.567427640102268427e+00 4.000000000000000000e+00 4.000000000000000000e+00
3.800000000000000000e+02 2.000000000000000000e+01 1.000000000000000000e+00 1.000000000000000000e+00 7.002075382097099343e-01 -2.567427640102268871e+00 4.000000000000000000e+00 4.000000000000000000e+00
3.800000000000000000e+02 6.000000000000000000e+01 1.000000000000000000e+00 1.000000000000000000e+00 7.002075382097099343e-01 -2.100622614629129359e+00 4.000000000000000000e+00 4.000000000000000000e+00
3.800000000000000000e+02 1.000000000000000000e+02 1.000000000000000000e+00 1.000000000000000000e+00 7.002075382097099343e-01 -1.633817589155989403e+00 4.000000000000000000e+00 4.000000000000000000e+00
3.800000000000000000e+02 1.400000000000000000e+02 1.000000000000000000e+00 1.000000000000000000e+00 7.002075382097099343e-01 -1.167012563682849668e+00 4.000000000000000000e+00 4.000000000000000000e+00
3.800000000000000000e+02 1.800000000000000000e+02 1.000000000000000000e+00 1.000000000000000000e+00 7.002075382097099343e-01 -7.002075382097099343e-01 4.000000000000000000e+00 4.000000000000000000e+00
3.800000000000000000e+02 2.200000000000000000e+02 1.000000000000000000e+00 1.000000000000000000e+00 7.002075382097099343e-01 -2.334025127365699781e-01 4.000000000000000000e+00 4.000000000000000000e+00
3.800000000000000000e+02 2.600000000000000000e+02 1.000000000000000000e+00 1.000000000000000000e+00 7.002075382097099343e-01 2.334025127365695340e-01 4.000000000000000000e+00 4.000000000000000000e+00
3.800000000000000000e+02 3.000000000000000000e+02 1.000000000000000000e+00 1.000000000000000000e+00 7.002075382097099343e-01 7.002075382097094902e-01 4.000000000000000000e+00 4.000000000000000000e+00
3.800000000000000000e+02 3.400000000000000000e+02 1.000000000000000000e+00 1.000000000000000000e+00 7.002075382097099343e-01 1.167012563682849446e+00 4.000000000000000000e+00 4.000000000000000000e+00
3.800000000000000000e+02 3.800000000000000000e+02 1.000000000000000000e+00 1.000000000000000000e+00 7.002075382097099343e-01 1.633817589155989403e+00 4.000000000000000000e+00 4.000000000000000000e+00
3.800000000000000000e+02 4.200000000000000000e+02 1.000000000000000000e+00 1.000000000000000000e+00 7.002075382097099343e-01 2.100622614629128471e+00 4.000000000000000000e+00 4.000000000000000000e+00
3.800000000000000000e+02 4.600000000000000000e+02 1.000000000000000000e+00 1.000000000000000000e+00 7.002075382097099343e-01 2.567427640102268427e+00 4.000000000000000000e+00 4.000000000000000000e+00
4.200000000000000000e+02 2.000000000000000000e+01 1.000000000000000000e+00 1.000000000000000000e+00 1.167012563682849002e+00 -2.567427640102268871e+00 4.000000000000000000e+00 4.000000000000000000e+00
4.200000000000000000e+02 6.000000000000000000e+01 1.000000000000000000e+00 1.000000000000000000e+00 1.167012563682849002e+00 -2.100622614629129359e+00 4.000000000000000000e+00 4.000000000000000000e+00
4.200000000000000000e+02 1.000000000000000000e+02 1.000000000000000000e+00 1.000000000000000000e+00 1.167012563682849002e+00 -1.633817589155989403e+00 4.000000000000000000e+00 4.000000000000000000e+00
4.200000000000000000e+02 1.400000000000000000e+02 1.000000000000000000e+00 1.000000000000000000e+00 1.167012563682849002e+00 -1.167012563682849668e+00 4.000000000000000000e+00 4.000000000000000000e+00
4.200000000000000000e+02 1.800000000000000000e+02 1.000000000000000000e+00 1.000000000000000000e+00 1.167012563682849002e+00 -7.002075382097099343e-01 4.000000000000000000e+00 4.000000000000000000e+00
4.200000000000000000e+02 2.200000000000000000e+02 1.000000000000000000e+00 1.000000000000000000e+00 1.167012563682849002e+00 -2.334025127365699781e-01 4.000000000000000000e+00 4.000000000000000000e+00
4.200000000000000000e+02 2.600000000000000000e+02 1.000000000000000000e+00 1.000000000000000000e+00 1.167012563682849002e+00 2.334025127365695340e-01 4.000000000000000000e+00 4.000000000000000000e+00
4.200000000000000000e+02 3.000000000000000000e+02 1.000000000000000000e+00 1.000000000000000000e+00 1.167012563682849002e+00 7.002075382097094902e-01 4.000000000000000000e+00 4.000000000000000000e+00
4.200000000000000000e+02 3.400000000000000000e+02 1.000000000000000000e+00 1.000000000000000000e+00 1.167012563682849002e+00 1.167012563682849446e+00 4.000000000000000000e+00 4.000000000000000000e+00
4.200000000000000000e+02 3.800000000000000000e+02 1.000000000000000000e+00 1.000000000000000000e+00 1.167012563682849002e+00 1.633817589155989403e+00 4.000000000000000000e+00 4.000000000000000000e+00
4.200000000000000000e+02 4.200000000000000000e+02 1.000000000000000000e+00 1.000000000000000000e+00 1.167012563682849002e+00 2.100622614629128471e+00 4.000000000000000000e+00 4.000000000000000000e+00
4.200000000000000000e+02 4.600000000000000000e+02 1.000000000000000000e+00 1.000000000000000000e+00 1.167012563682849002e+00 2.567427640102268427e+00 4.000000000000000000e+00 4.000000000000000000e+00
4.600000000000000000e+02 2.000000000000000000e+01 1.000000000000000000e+00 1.000000000000000000e+00 1.633817589155988959e+00 -2.567427640102268871e+00 4.000000000000000000e+00 4.000000000000000000e+00
4.600000000000000000e+02 6.000000000000000000e+01 1.000000000000000000e+00 1.000000000000000000e+00 1.633817589155988959e+00 -2.100622614629129359e+00 4.000000000000000000e+00 4.000000000000000000e+00
4.600000000000000000e+02 1.000000000000000000e+02 1.000000000000000000e+00 1.000000000000000000e+00 1.633817589155988959e+00 -1.633817589155989403e+00 4.000000000000000000e+00 4.000000000000000000e+00
4.600000000000000000e+02 1.400000000000000000e+02 1.000000000000000000e+00 1.000000000000000000e+00 1.633817589155988959e+00 -1.167012563682849668e+00 4.000000000000000000e+00 4.000000000000000000e+00
4.600000000000000000e+02 1.800000000000000000e+02 1.000000000000000000e+00 1.000000000000000000e+00 1.633817589155988959e+00 -7.002075382097099343e-01 4.000000000000000000e+00 4.000000000000000000e+00
4.600000000000000000e+02 2.200000000000000000e+02 1.000000000000000000e+00 1.000000000000000000e+00 1.633817589155988959e+00 -2.334025127365699781e-01 4.000000000000000000e+00 4.000000000000000000e+00
4.600000000000000000e+02 2.600000000000000000e+02 1.000000000000000000e+00 1.000000000000000000e+00 1.633817589155988959e+00 2.334025127365695340e-01 4.000000000000000000e+00 4.000000000000000000e+00
4.600000000000000000e+02 3.000000000000000000e+02 1.000000000000000000e+00 1.000000000000000000e+00 1.633817589155988959e+00 7.002075382097094902e-01 4.000000000000000000e+00 4.000000000000000000e+00
4.600000000000000000e+02 3.400000000000000000e+02 1.000000000000000000e+00 1.000000000000000000e+00 1.633817589155988959e+00 1.167012563682849446e+00 4.000000000000000000e+00 4.000000000000000000e+00
4.600000000000000000e+02 3.800000000000000000e+02 1.000000000000000000e+00 1.000000000000000000e+00 1.633817589155988959e+00 1.633817589155989403e+00 4.000000000000000000e+00 4.000000000000000000e+00
4.600000000000000000e+02 4.200000000000000000e+02 1.000000000000000000e+00 1.000000000000000000e+00 1.633817589155988959e+00 2.100622614629128471e+00 4.000000000000000000e+00 4.000000000000000000e+00
4.600000000000000000e+02 4.600000000000000000e+02 1.000000000000000000e+00 1.000000000000000000e+00 1.633817589155988959e+00 2.567427640102268427e+00 4.000000000000000000e+00 4.000000000000000000e+00
5.000000000000000000e+02 2.000000000000000000e+01 1.000000000000000000e+00 1.000000000000000000e+00 2.100622614629128915e+00 -2.567427640102268871e+00 4.000000000000000000e+00 4.000000000000000000e+00
5.000000000000000000e+02 6.000000000000000000e+01 1.000000000000000000e+00 1.000000000000000000e+00 2.100622614629128915e+00 -2.100622614629129359e+00 4.000000000000000000e+00 4.000000000000000000e+00
5.000000000000000000e+02 1.000000000000000000e+02 1.000000000000000000e+00 1.000000000000000000e+00 2.100622614629128915e+00 -1.633817589155989403e+00 4.000000000000000000e+00 4.000000000000000000e+00
5.000000000000000000e+02 1.400000000000000000e+02 1.000000000000000000e+00 1.000000000000000000e+00 2.100622614629128915e+00 -1.167012563682849668e+00 4.000000000000000000e+00 4.000000000000000000e+00
5.000000000000000000e+02 1.800000000000000000e+02 1.000000000000000000e+00 1.000000000000000000e+00 2.100622614629128915e+00 -7.002075382097099343e-01 4.000000000000000000e+00 4.000000000000000000e+00
5.000000000000000000e+02 2.200000000000000000e+02 1.000000000000000000e+00 1.000000000000000000e+00 2.100622614629128915e+00 -2.334025127365699781e-01 4.000000000000000000e+00 4.000000000000000000e+00
5.000000000000000000e+02 2.600000000000000000e+02 1.000000000000000000e+00 1.000000000000000000e+00 2.100622614629128915e+00 2.334025127365695340e-01 4.000000000000000000e+00 4.000000000000000000e+00
5.000000000000000000e+02 3.000000000000000000e+02 1.000000000000000000e+00 1.000000000000000000e+00 2.100622614629128915e+00 7.002075382097094902e-01 4.000000000000000000e+00 4.000000000000000000e+00
5.000000000000000000e+02 3.400000000000000000e+02 1.000000000000000000e+00 1.000000000000000000e+00 2.100622614629128915e+00 1.167012563682849446e+00 4.000000000000000000e+00 4.000000000000000000e+00
5.000000000000000000e+02 3.800000000000000000e+02 1.000000000000000000e+00 1.000000000000000000e+00 2.100622614629128915e+00 1.633817589155989403e+00 4.000000000000000000e+00 4.000000000000000000e+00
5.000000000000000000e+02 4.200000000000000000e+02 1.000000000000000000e+00 1.000000000000000000e+00 2.100622614629128915e+00 2.100622614629128471e+00 4.000000000000000000e+00 4.000000000000000000e+00
5.000000000000000000e+02 4.600000000000000000e+02 1.000000000000000000e+00 1.000000000000000000e+00 2.100622614629128915e+00 2.567427640102268427e+00 4.000000000000000000e+00 4.000000000000000000e+00
5.400000000000000000e+02 2.000000000000000000e+01 1.000000000000000000e+00 1.000000000000000000e+00 2.567427640102268871e+00 -2.567427640102268871e+00 4.000000000000000000e+00 4.000000000000000000e+00
5.400000000000000000e+02 6.000000000000000000e+01 1.000000000000000000e+00 1.000000000000000000e+00 2.567427640102268871e+00 -2.100622614629129359e+00 4.000000000000000000e+00 4.000000000000000000e+00
5.400000000000000000e+02 1.000000000000000000e+02 1.000000000000000000e+00 1.000000000000000000e+00 2.567427640102268871e+00 -1.633817589155989403e+00 4.000000000000000000e+00 4.000000000000000000e+00
5.400000000000000000e+02 1.400000000000000000e+02 1.000000000000000000e+00 1.000000000000000000e+00 2.567427640102268871e+00 -1.167012563682849668e+00 4.000000000000000000e+00 4.000000000000000000e+00
5.400000000000000000e+02 1.800000000000000000e+02 1.000000000000000000e+00 1.000000000000000000e+00 2.567427640102268871e+00 -7.002075382097099343e-01 4.000000000000000000e+00 4.000000000000000000e+00
5.400000000000000000e+02 2.200000000000000000e+02 1.000000000000000000e+00 1.000000000000000000e+00 2.567427640102268871e+00 -2.334025127365699781e-01 4.000000000000000000e+00 4.000000000000000000e+00
5.400000000000000000e+02 2.600000000000000000e+02 1.000000000000000000e+00 1.000000000000000000e+00 2.567427640102268871e+00 2.334025127365695340e-01 4.000000000000000000e+00 4.000000000000000000e+00
5.400000000000000000e+02 3.000000000000000000e+02 1.000000000000000000e+00 1.000000000000000000e+00 2.567427640102268871e+00 7.002075382097094902e-01 4.000000000000000000e+00 4.000000000000000000e+00
5.400000000000000000e+02 3.400000000000000000e+02 1.000000000000000000e+00 1.000000000000000000e+00 2.567427640102268871e+00 1.167012563682849446e+00 4.000000000000000000e+00 4.000000000000000000e+00
5.400000000000000000e+02 3.800000000000000000e+02 1.000000000000000000e+00 1.000000000000000000e+00 2.567427640102268871e+00 1.633817589155989403e+00 4.000000000000000000e+00 4.000000000000000000e+00
5.400000000000000000e+02 4.200000000000000000e+02 1.000000000000000000e+00 1.000000000000000000e+00 2.567427640102268871e+00 2.100622614629128471e+00 4.000000000000000000e+00 4.000000000000000000e+00
5.400000000000000000e+02 4.600000000000000000e+02 1.000000000000000000e+00 1.000000000000000000e+00 2.567427640102268871e+00 2.567427640102268427e+00 4.000000000000000000e+00 4.000000000000000000e+00
5.800000000000000000e+02 2.000000000000000000e+01 1.000000000000000000e+00 1.000000000000000000e+00 3.034232665575408827e+00 -2.567427640102268871e+00 4.000000000000000000e+00 4.000000000000000000e+00
5.800000000000000000e+02 6.000000000000000000e+01 1.000000000000000000e+00 1.000000000000000000e+00 3.034232665575408827e+00 -2.100622614629129359e+00 4.000000000000000000e+00 4.000000000000000000e+00
5.800000000000000000e+02 1.000000000000000000e+02 1.000000000000000000e+00 1.000000000000000000e+00 3.034232665575408827e+00 -1.633817589155989403e+00 4.000000000000000000e+00 4.000000000000000000e+00
5.800000000000000000e+02 1.400000000000000000e+02 1.000000000000000000e+00 1.000000000000000000e+00 3.034232665575408827e+00 -1.167012563682849668e+00 4.000000000000000000e+00 4.000000000000000000e+00
5.800000000000000000e+02 1.800000000000000000e+02 1.000000000000000000e+00 1.000000000000000000e+00 3.034232665575408827e+00 -7.002075382097099343e-01 4.000000000000000000e+00 4.000000000000000000e+00
5.800000000000000000e+02 2.200000000000000000e+02 1.000000000000000000e+00 1.000000000000000000e+00 3.034232665575408827e+00 -2.334025127365699781e-01 4.000000000000000000e+00 4.000000000000000000e+00
5.800000000000000000e+02 2.600000000000000000e+02 1.000000000000000000e+00 1.000000000000000000e+00 3.034232665575408827e+00 2.334025127365695340e-01 4.000000000000000000e+00 4.000000000000000000e+00
5.800000000000000000e+02 3.000000000000000000e+02 1.000000000000000000e+00 1.000000000000000000e+00 3.034232665575408827e+00 7.002075382097094902e-01 4.000000000000000000e+00 4.000000000000000000e+00
5.800000000000000000e+02 3.400000000000000000e+02 1.000000000000000000e+00 1.000000000000000000e+00 3.034232665575408827e+00 1.167012563682849446e+00 4.000000000000000000e+00 4.000000000000000000e+00
5.800000000000000000e+02 3.800000000000000000e+02 1.000000000000000000e+00 1.000000000000000000e+00 3.034232665575408827e+00 1.633817589155989403e+00 4.000000000000000000e+00 4.000000000000000000e+00
5.800000000000000000e+02 4.200000000000000000e+02 1.000000000000000000e+00 1.000000000000000000e+00 3.034232665575408827e+00 2.100622614629128471e+00 4.000000000000000000e+00 4.000000000000000000e+00
5.800000000000000000e+02 4.600000000000000000e+02 1.000000000000000000e+00 1.000000000000000000e+00 3.034232665575408827e+00 2.567427640102268427e+00 4.000000000000000000e+00 4.000000000000000000e+00
6.200000000000000000e+02 2.000000000000000000e+01 1.000000000000000000e+00 1.000000000000000000e+00 3.501037691048547895e+00 -2.567427640102268871e+00 4.000000000000000000e+00 4.000000000000000000e+00
6.200000000000000000e+02 6.000000000000000000e+01 1.000000000000000000e+00 1.000000000000000000e+00 3.501037691048547895e+00 -2.100622614629129359e+00 4.000000000000000000e+00 4.000000000000000000e+00
6.200000000000000000e+02 1.000000000000000000e+02 1.000000000000000000e+00 1.000000000000000000e+00 3.501037691048547895e+00 -1.633817589155989403e+00 4.000000000000000000e+00 4.000000000000000000e+00
6.200000000000000000e+02 1.400000000000000000e+02 1.000000000000000000e+00 1.000000000000000000e+00 3.501037691048547895e+00 -1.167012563682849668e+00 4.000000000000000000e+00 4.000000000000000000e+00
6.200000000000000000e+02 1.800000000000000000e+02 1.000000000000000000e+00 1.000000000000000000e+00 3.501037691048547895e+00 -7.002075382097099343e-01 4.000000000000000000e+00 4.000000000000000000e+00
6.200000000000000000e+02 2.200000000000000000e+02 1.000000000000000000e+00 1.000000000000000000e+00 3.501037691048547895e+00 -2.334025127365699781e-01 4.000000000000000000e+00 4.000000000000000000e+00
6.200000000000000000e+02 2.600000000000000000e+02 1.000000000000000000e+00 1.000000000000000000e+00 3.501037691048547895e+00 2.334025127365695340e-01 4.000000000000000000e+00 4.000000000000000000e+00
6.200000000000000000e+02 3.000000000000000000e+02 1.000000000000000000e+00 1.000000000000000000e+00 3.501037691048547895e+00 7.002075382097094902e-01 4.000000000000000000e+00 4.000000000000000000e+00
6.200000000000000000e+02 3.400000000000000000e+02 1.000000000000000000e+00 1.000000000000000000e+00 3.501037691048547895e+00 1.167012563682849446e+00 4.000000000000000000e+00 4.000000000000000000e+00
6.200000000000000000e+02 3.800000000000000000e+02 1.000000000000000000e+00 1.000000000000000000e+00 3.501037691048547895e+00 1.633817589155989403e+00 4.000000000000000000e+00 4.000000000000000000e+00
6.200000000000000000e+02 4.200000000000000000e+02 1.000000000000000000e+00 1.000000000000000000e+00 3.501037691048547895e+00 2.100622614629128471e+00 4.000000000000000000e+00 4.000000000000000000e+00
6.200000000000000000e+02 4.600000000000000000e+02 1.000000000000000000e+00 1.000000000000000000e+00 3.501037691048547895e+00 2.567427640102268427e+00 4.000000000000000000e+00 4.000000000000000000e+00
