220.61500 294.54876 71.00000 405.52048 14.39988 0.26871
220.67100 294.54876 71.00000 405.52048 14.39988 0.26871
220.70800 294.54876 71.00000 405.52048 14.39988 0.26871
220.73700 294.54876 71.00000 405.52048 14.39988 0.26871
220.75400 294.54876 71.00000 405.52048 14.39988 0.26871
220.77100 294.54876 71.00000 405.52048 14.39988 0.26871
220.80500 294.54876 71.00000 405.52048 14.39988 0.26871
220.83700 294.54876 71.00000 405.52048 14.39988 0.26871
220.85400 294.54876 71.00000 405.52048 14.39988 0.26871
220.87100 294.54876 71.00000 405.52048 14.39988 0.26871
220.90400 294.54876 71.00000 405.52048 14.39988 0.26871
220.92100 294.54876 71.00000 405.52048 14.39988 0.26871
220.95400 294.54876 71.00000 405.52048 14.39988 0.26871
220.97100 294.54876 71.00000 405.52048 14.39988 0.26871
221.00300 294.54876 71.00000 405.52048 14.39988 0.26871
221.02100 294.54876 71.00000 405.52048 14.39988 0.26871
221.05400 294.54876 71.00000 405.52048 14.39988 0.26871
221.07100 294.54876 71.00000 405.52048 14.39988 0.26871
221.10500 294.54876 71.00000 405.52048 14.39988 0.26871
221.13700 294.54876 71.00000 405.52048 14.39988 0.26871
221.15400 294.54876 71.00000 405.52048 14.39988 0.26871
221.17100 294.54876 71.00000 405.52048 14.39988 0.26871
221.20300 294.54876 71.00000 405.52048 14.39988 0.26871
221.22100 294.54876 71.00000 405.52048 14.39988 0.26871
221.25400 294.54876 71.00000 405.52048 14.39988 0.26871
221.27100 294.54876 71.00000 405.52048 14.39988 0.26871
221.30400 294.54876 71.00000 405.52048 14.39988 0.26871
221.32100 294.54876 71.00000 405.52048 14.39988 0.26871
221.35400 294.54876 71.00000 405.52048 14.39988 0.26871
221.37000 294.54876 71.00000 405.52048 14.39988 0.26871
221.38700 294.54876 71.00000 405.52048 14.39988 0.26871
221.40400 294.54876 71.00000 405.52048 14.39988 0.26871
221.42100 294.54876 71.00000 405.52048 14.39988 0.26871
221.45400 294.54876 71.00000 405.52048 14.39988 0.26871
221.47100 294.54876 71.00000 405.52048 14.39988 0.26871
221.50400 294.54876 71.00000 405.52048 14.39988 0.26871
221.52100 294.54876 71.00000 405.52048 14.39988 0.26871
221.55300 294.54876 71.00000 405.52048 14.39988 0.26871
221.57300 294.54876 71.00000 405.52048 14.39988 0.26871
221.60400 294.54876 71.00000 405.52048 14.39988 0.26871
221.62000 294.54876 71.00000 405.52048 14.39988 0.26871
221.63600 294.54876 71.00000 405.52048 14.39988 0.26871
221.65400 294.54876 71.00000 405.52048 14.39988 0.26871
221.67100 294.54876 71.00000 405.52048 14.39988 0.26871
221.70400 294.54876 71.00000 405.52048 14.39988 0.26871
221.72100 294.54876 71.00000 405.52048 14.39988 0.26871
221.75400 294.54876 71.00000 405.52048 14.39988 0.26871
221.77400 294.54876 71.00000 405.52048 14.39988 0.26871
221.80400 294.54876 71.00000 405.52048 14.39988 0.26871
221.82100 294.54876 71.00000 405.52048 14.39988 0.26871
221.85400 294.54876 71.00000 405.52048 14.39988 0.26871
221.87100 294.54876 71.00000 405.52048 14.39988 0.26871
221.90400 294.54876 71.00000 405.52048 14.39988 0.26871
221.92100 294.54876 71.00000 405.52048 14.39988 0.26871
221.95300 294.54876 71.00000 405.52048 14.39988 0.26871
221.97000 294.54876 71.00000 405.52048 14.39988 0.26871
221.98700 294.54876 71.00000 405.52048 14.39988 0.26871
222.00300 294.54876 71.00000 405.52048 14.39988 0.26871
222.02100 294.54876 71.00000 405.52048 14.39988 0.26871
222.05500 294.54876 71.00000 405.52048 14.39988 0.26871
222.08700 294.54876 71.00000 405.52048 14.39988 0.26871
222.10300 294.54876 71.00000 405.52048 14.39988 0.26871
222.12000 294.54876 71.00000 405.52048 14.39988 0.26871
222.13700 294.54876 71.00000 405.52048 14.39988 0.26871
222.15400 294.54876 71.00000 405.52048 14.39988 0.26871
222.17100 294.54876 71.00000 405.52048 14.39988 0.26871
222.20500 294.54876 71.00000 405.52048 14.39988 0.26871
222.23700 294.54876 71.00000 405.52048 14.39988 0.26871
222.25300 294.54876 71.00000 405.52048 14.39988 0.26871
222.27000 294.54876 71.00000 405.52048 14.39988 0.26871
222.28600 294.54876 71.00000 405.52048 14.39988 0.26871
222.30400 294.54876 71.00000 405.52048 14.39988 0.26871
222.32100 294.54876 71.00000 405.52048 14.39988 0.26871
222.35400 294.54876 71.00000 405.52048 14.39988 0.26871
222.37100 294.54876 71.00000 405.52048 14.39988 0.26871
222.40500 294.54876 71.00000 405.52048 14.39988 0.26871
222.43700 294.54876 71.00000 405.52048 14.39988 0.26871
222.45400 294.54876 71.00000 405.52048 14.39988 0.26871
222.47100 294.54876 71.00000 405.52048 14.39988 0.26871
222.50400 294.54876 71.00000 405.52048 14.39988 0.26871
222.52100 294.54876 71.00000 405.52048 14.39988 0.26871
222.55400 294.54876 71.00000 405.52048 14.39988 0.26871
222.57100 294.54876 71.00000 405.52048 14.39988 0.26871
222.60300 294.54876 71.00000 405.52048 14.39988 0.26871
222.62100 294.54876 71.00000 405.52048 14.39988 0.26871
222.65500 294.54876 71.00000 405.52048 14.39988 0.11871
222.68600 294.54876 71.00000 405.52048 14.54988 -0.03129
222.70300 294.54876 71.00000 405.52048 14.54988 -0.03129
222.72100 294.54876 71.00000 405.52048 14.54988 -0.03129
222.75400 294.54876 71.00000 405.52048 14.54988 -0.03129
222.77100 294.54876 71.00000 405.52048 14.54988 -0.03129
222.80400 294.54876 71.00000 405.52048 14.69988 -0.33129
222.82100 294.54876 71.00000 405.52048 14.84988 -0.48129
222.85400 294.54876 71.00000 405.52048 14.99988 -1.23129
222.87100 294.54876 71.00000 405.52048 14.99988 -1.68129
222.90400 294.54876 71.00000 405.52048 14.84988 -2.58129
222.92100 294.54876 71.00000 405.52048 14.54988 -3.18129
222.95400 294.54876 71.00000 405.52048 13.64988 -4.53129
222.97000 294.54876 71.00000 405.52048 13.19988 -5.28129
222.98700 294.54876 71.00000 405.52048 12.44988 -5.88129
223.00500 294.54876 71.00000 405.52048 11.69988 -6.78129
223.03800 294.54876 71.00000 405.52048 10.34988 -7.53129
223.07200 294.54876 71.00000 405.52048 8.99988 -8.13129
223.10400 294.54876 71.00000 405.52048 7.94988 -8.13129
223.12100 294.54876 71.00000 405.52048 7.49988 -7.98129
223.15400 294.54876 71.00000 405.52048 6.89988 -7.23129
223.17100 294.54876 71.00000 405.52048 6.44988 -6.78129
223.20400 294.54876 71.00000 405.52048 5.84988 -5.58129
223.22100 294.54876 71.00000 405.52048 5.54988 -4.83129
223.25500 294.54876 71.00000 405.52048 5.24988 -3.48129
223.28600 294.54876 71.00000 405.52048 5.09987 -1.98129
223.30400 294.54876 71.00000 405.52048 5.09987 -1.38129
223.32100 294.54876 71.00000 405.52048 5.09987 -0.78129
223.35400 294.54876 71.00000 405.52048 5.09987 -0.33129
223.37100 294.54876 71.00000 405.52048 5.09987 -0.03129
223.40600 294.54876 71.00000 405.52048 5.39988 0.71871
223.44000 294.54876 71.00000 405.52048 6.29987 1.76871
223.47200 294.54876 71.00000 405.52048 7.64987 2.51871
223.50700 294.54876 71.00000 405.52048 8.99988 3.11871
223.53700 294.54876 71.00000 405.52048 10.19987 3.26871
223.55400 294.54876 71.00000 405.52048 10.79988 3.26871
223.57000 294.54876 71.00000 405.52048 11.54988 2.96871
223.58600 294.54876 71.00000 405.52048 12.14988 2.51871
223.60400 294.54876 71.00000 405.52048 12.59988 2.06871
223.62100 294.54876 71.00000 405.52048 13.04988 1.61871
223.65400 294.54876 71.00000 405.52048 13.79988 0.56871
223.67100 294.54876 71.00000 405.52048 13.94987 -0.03129
223.70500 294.54876 71.00000 405.52048 14.24988 -1.08129
223.73800 294.54876 71.00000 405.52048 14.24988 -2.88129
223.77100 294.54876 71.00000 405.52048 13.64988 -4.68129
223.80400 294.54876 71.00000 405.52048 12.44987 -6.33129
223.82100 294.54876 71.00000 405.52048 11.84987 -6.93129
223.85400 294.54876 71.00000 405.52048 9.74987 -7.98129
223.87100 294.54876 71.00000 405.52048 8.84987 -8.28129
223.90400 294.54876 71.00000 405.52048 6.89987 -8.73129
223.93100 294.54876 71.00000 405.52048 4.94987 -8.88129
223.95300 294.54876 71.00000 405.52048 4.64987 -8.88129
223.97100 294.54876 71.00000 405.52048 4.04987 -8.73129
224.00400 294.54876 71.00000 405.52048 2.99987 -7.83129
224.02100 294.54876 71.00000 405.52048 2.54987 -7.08129
224.05400 294.54876 71.00000 405.52048 1.94987 -5.28129
224.07100 294.54876 71.00000 405.52048 1.49987 -3.78129
224.10300 294.54876 71.00000 405.52048 1.34987 -1.08129
224.12000 294.54876 71.00000 405.52048 1.34987 0.11871
224.13600 294.54876 71.00000 405.52048 1.64987 1.01871
224.15300 294.54876 71.00000 405.52048 2.24987 1.61871
224.17100 294.54876 71.00000 405.52048 2.69987 2.06871
224.20300 294.54876 71.00000 405.52048 4.19987 2.96871
224.22100 294.54876 71.00000 405.52048 5.24987 3.41871
224.25400 294.54876 71.00000 405.52048 7.04987 3.71871
224.27100 294.54876 71.00000 405.52048 7.94987 3.86871
224.30400 294.54876 71.00000 405.52048 9.59987 3.86871
224.32100 294.54876 71.00000 405.52048 10.34987 3.56871
224.35400 294.54876 71.00000 405.52048 11.69987 2.66871
224.37100 294.54876 71.00000 405.52048 12.29988 2.06871
224.40400 294.54876 71.00000 405.52048 13.04988 0.26871
224.42100 294.54876 71.00000 405.52048 13.34988 -0.78129
224.45400 294.54876 71.00000 405.52048 13.49988 -2.73129
224.47100 294.54876 71.00000 405.52048 13.49988 -3.48129
224.50400 294.54876 71.00000 405.52048 12.74988 -5.13129
224.52000 294.54876 71.00000 405.52048 11.99988 -5.88129
224.53700 294.54876 71.00000 405.52048 11.54988 -6.48129
224.55400 294.54876 71.00000 405.52048 10.64988 -6.93129
224.57100 294.54876 71.00000 405.52048 10.04988 -7.38129
224.60400 294.54876 71.00000 405.52048 8.54988 -7.68129
224.62100 294.54876 71.00000 405.52048 7.79988 -7.68129
224.65400 294.54876 71.00000 405.52048 6.59988 -7.38129
224.67000 294.54876 71.00000 405.52048 5.99988 -6.93129
224.68700 294.54876 71.00000 405.52048 5.69988 -6.33129
224.70300 294.54876 71.00000 405.52048 5.39988 -5.73129
224.72000 294.54876 71.00000 405.52048 5.09987 -5.28129
224.73600 294.54876 71.00000 405.52048 4.79987 -4.83129
224.75300 294.54876 71.00000 405.52048 4.79987 -4.38129
224.77000 294.54876 71.00000 405.52048 4.79987 -3.63129
224.78600 294.54876 71.00000 405.52048 4.79987 -2.88129
224.80400 294.54876 71.00000 405.52048 4.79987 -2.13129
224.82100 294.54876 71.00000 405.52048 4.94987 -1.53129
224.85300 294.54876 71.00000 405.52048 5.69987 -0.48129
224.87100 294.54876 71.00000 405.52048 6.14987 0.11871
224.90400 294.54876 71.00000 405.52048 7.19987 0.86871
224.92000 294.54876 71.00000 405.52048 7.64987 1.01871
224.93600 294.54876 71.00000 405.52048 8.09987 1.01871
224.95300 294.54876 71.00000 405.52048 8.24987 1.01871
224.97100 294.54876 71.00000 405.52048 8.54987 1.16871
225.00300 294.54876 71.00000 405.52048 8.69987 1.16871
225.02100 294.54876 71.00000 405.52048 8.69987 1.16871
225.05300 294.54876 71.00000 405.52048 8.69987 1.16871
225.07100 294.54876 71.00000 405.52048 8.69987 1.16871
225.10400 294.54876 71.00000 405.52048 8.69987 1.16871
225.12100 294.54876 71.00000 405.52048 8.69987 1.16871
225.15400 294.54876 71.00000 405.52048 8.69987 1.16871
225.17000 294.54876 71.00000 405.52048 8.69987 1.16871
225.18700 294.54876 71.00000 405.52048 8.69987 1.16871
225.20300 294.54876 71.00000 405.52048 8.69987 1.16871
225.22200 294.54876 71.00000 405.52048 8.69987 1.16871
225.25400 294.54876 71.00000 405.52048 8.69987 1.16871
225.27100 294.54876 71.00000 405.52048 8.69987 1.16871
225.30400 294.54876 71.00000 405.52048 8.69987 1.16871
225.32000 294.54876 71.00000 405.52048 8.69987 1.16871
225.33700 294.54876 71.00000 405.52048 8.69987 1.16871
225.35400 294.54876 71.00000 405.52048 8.69987 1.16871
225.37000 294.54876 71.00000 405.52048 8.69987 1.16871
225.38600 294.54876 71.00000 405.52048 8.69987 1.16871
225.40400 294.54876 71.00000 405.52048 8.69987 1.16871
225.42100 294.54876 71.00000 405.52048 8.69987 1.16871
225.45400 294.54876 71.00000 405.52048 8.69987 1.16871
225.47100 294.54876 71.00000 405.52048 8.69987 1.16871
225.50300 294.54876 71.00000 405.52048 8.69987 1.16871
225.52000 294.54876 71.00000 405.52048 8.69987 1.16871
225.53500 294.54876 71.00000 405.52048 8.69987 1.01871
225.55200 294.54876 71.00000 405.52048 8.69987 0.71871
225.56900 294.54876 71.00000 405.52048 8.69987 0.41871
225.58800 294.54876 71.00000 405.52048 8.69987 -0.03129
225.61900 294.54876 71.00000 405.52048 8.24987 -0.63129
225.63600 294.54876 71.00000 405.52048 8.09987 -0.93129
225.65300 294.54876 71.00000 405.52048 7.94987 -1.08129
225.67000 294.54876 71.00000 405.52048 7.94987 -1.23129
225.68600 294.54876 71.00000 405.52048 7.94987 -1.23129
225.70300 294.54876 71.00000 405.52048 7.79987 -1.23129
225.72000 294.54876 71.00000 405.52048 7.79987 -1.23129
225.73500 294.54876 71.00000 405.52048 7.79987 -1.23129
225.75200 294.54876 71.00000 405.52048 7.79987 -1.23129
225.77000 294.54876 71.00000 405.52048 7.79987 -1.23129
225.78500 294.54876 71.00000 405.52048 7.79987 -1.23129
225.80200 294.54876 71.00000 405.52048 7.79987 -1.23129
225.82000 294.54876 71.00000 405.52048 7.79987 -1.23129
225.83500 294.54876 71.00000 405.52048 7.79987 -1.23129
225.85300 294.54876 71.00000 405.52048 7.79987 -1.23129
225.87300 294.54876 71.00000 405.52048 7.79987 -1.23129
225.90300 294.54876 71.00000 405.52048 7.79987 -1.23129
225.91900 294.54876 71.00000 405.52048 7.79987 -1.23129
225.93500 294.54876 71.00000 405.52048 7.79987 -1.23129
225.95200 294.54876 71.00000 405.52048 7.79987 -1.23129
225.96900 294.54876 71.00000 405.52048 7.79987 -1.23129
225.98500 294.54876 71.00000 405.52048 7.79987 -1.23129
226.00200 294.54876 71.00000 405.52048 7.79987 -1.23129
226.01900 294.54876 71.00000 405.52048 7.79987 -1.23129
226.03500 294.54876 71.00000 405.52048 7.64987 -0.93129
226.05300 294.54876 71.00000 405.52048 7.64987 -0.78129
226.06900 294.54876 71.00000 405.52048 7.64987 -0.78129
226.08500 294.54876 71.00000 405.52048 7.64987 -0.78129
226.10200 294.54876 71.00000 405.52048 7.64987 -0.78129
226.11900 294.54876 71.00000 405.52048 7.64987 -0.78129
226.13500 294.54876 71.00000 405.52048 7.64987 -0.78129
226.15200 294.54876 71.00000 405.52048 7.64987 -0.78129
226.16900 294.54876 71.00000 405.52048 7.64987 -0.78129
226.18500 294.54876 71.00000 405.52048 7.64987 -0.78129
226.20300 294.54876 71.00000 405.52048 7.64987 -0.78129
226.22000 294.54876 71.00000 405.52048 7.64987 -0.78129
226.23600 294.54876 71.00000 405.52048 7.64987 -0.78129
226.25300 294.54876 71.00000 405.52048 7.64987 -0.78129
226.27000 294.54876 71.00000 405.52048 7.64987 -0.78129
226.28700 294.54876 71.00000 405.52048 7.64987 -0.78129
226.30300 294.54876 71.00000 405.52048 7.64987 -0.78129
226.32100 294.54876 71.00000 405.52048 7.64987 -0.78129
226.35300 294.54876 71.00000 405.52048 7.64987 -0.78129
226.37100 294.54876 71.00000 405.52048 7.64987 -0.78129
226.40300 294.54876 71.00000 405.52048 7.64987 -0.78129
226.41900 294.54876 71.00000 405.52048 7.64987 -0.78129
226.43600 294.54876 71.00000 405.52048 7.64987 -0.78129
226.45300 294.54876 71.00000 405.52048 7.64987 -0.78129
226.47100 294.54876 71.00000 405.52048 7.64987 -0.78129
226.50300 294.54876 71.00000 405.52048 7.64987 -0.78129
226.51900 294.54876 71.00000 405.52048 7.64987 -0.78129
226.53600 294.54876 71.00000 405.52048 7.64987 -0.78129
226.55300 294.54876 71.00000 405.52048 7.64987 -0.78129
226.56900 294.54876 71.00000 405.52048 7.64987 -0.78129
226.58500 294.54876 71.00000 405.52048 7.64987 -0.78129
226.60300 294.54876 71.00000 405.52048 7.64987 -0.63129
226.62000 294.54876 71.00000 405.52048 7.49987 -0.63129
226.63600 294.54876 71.00000 405.52048 7.49987 -0.63129
226.65200 294.54876 71.00000 405.52048 7.49987 -0.63129
226.66900 294.54876 71.00000 405.52048 7.49987 -0.63129
226.68500 294.54876 71.00000 405.52048 7.49987 -0.63129
226.70300 294.54876 71.00000 405.52048 7.49987 -0.63129
226.71900 294.54876 71.00000 405.52048 7.49987 -0.63129
226.73700 294.54876 71.00000 405.52048 7.49987 -0.63129
226.75400 294.54876 71.00000 405.52048 7.49987 -0.63129
226.77100 294.54876 71.00000 405.52048 7.49987 -0.63129
226.80400 294.54876 71.00000 405.52048 7.49987 -0.63129
226.82000 294.54876 71.00000 405.52048 7.49987 -0.63129
226.83500 294.54876 71.00000 405.52048 7.49987 -0.63129
226.85300 294.54876 71.00000 405.52048 7.49987 -0.63129
226.86900 294.54876 71.00000 405.52048 7.49987 -0.63129
226.88500 294.54876 71.00000 405.52048 7.49987 -0.63129
226.90200 294.54876 71.00000 405.52048 7.49987 -0.63129
226.91900 294.54876 71.00000 405.52048 7.49987 -0.63129
226.93600 294.54876 71.00000 405.52048 7.49987 -0.63129
226.95200 294.54876 71.00000 405.52048 7.49987 -0.63129
226.97000 294.54876 71.00000 405.52048 7.49987 -0.63129
226.98500 294.54876 71.00000 405.52048 7.49987 -0.63129
227.00300 294.54876 71.00000 405.52048 7.49987 -0.63129
227.02000 294.54868 71.00000 405.51343 7.49987 -0.63129
227.03500 294.54858 71.00000 405.50402 7.49987 -0.63129
227.05300 294.54847 71.00000 405.49403 7.49987 -0.63129
227.07000 294.54836 71.00000 405.48018 7.49987 -0.63129
227.08600 294.54826 71.00000 405.46563 7.49987 -0.63129
227.10200 294.54815 71.00000 405.45018 7.49987 -0.63129
227.12000 294.54804 71.00000 405.43263 7.49987 -0.63129
227.13500 294.54794 71.00000 405.41528 7.49987 -0.63129
227.15200 294.54783 71.00000 405.39684 7.49987 -0.63129
227.17000 294.54772 71.00000 405.37726 7.49987 -0.63129
227.18500 294.54762 71.00000 405.35838 7.49987 -0.63129
227.20200 294.54751 71.00000 405.33832 7.49987 -0.63129
227.21900 294.54740 71.00000 405.31764 7.49987 -0.63129
227.23500 294.54729 71.00000 405.29792 7.49987 -0.63129
227.25500 294.54719 71.00000 405.27697 7.49987 -0.63129
227.28500 294.54697 71.00000 405.23551 7.49987 -0.63129
227.30300 294.54686 71.00000 405.21408 7.49987 -0.63129
227.32000 294.54676 71.00000 405.19246 7.49987 -0.63129
227.33500 294.54665 71.00000 405.17204 7.49987 -0.63129
227.35200 294.54654 71.00000 405.15034 7.49987 -0.63129
227.37000 294.54643 71.00000 405.12854 7.49987 -0.63129
227.38500 294.54633 71.00000 405.10798 7.49987 -0.63129
227.40300 294.54622 71.00000 405.08614 7.49987 -0.63129
227.41900 294.54611 71.00000 405.06424 7.49987 -0.63129
227.43700 294.54601 71.00000 405.04361 7.49987 -0.63129
227.45200 294.54590 71.00000 405.02169 7.49987 -0.63129
227.47000 294.54579 71.00000 404.99974 7.49987 -0.63129
227.49500 294.54558 71.00000 404.95710 7.49987 -0.63129
227.52100 294.54547 71.00000 404.93512 7.49987 -0.63129
227.55300 294.54526 71.00000 404.89244 7.49987 -0.63129
227.56900 294.54515 71.00000 404.87044 7.49987 -0.63129
227.58500 294.54505 71.00000 404.84973 7.49987 -0.63129
227.60200 294.54494 71.00000 404.82773 7.49987 -0.63129
227.62000 294.54483 71.00000 404.80573 7.49987 -0.63129
227.63500 294.54472 71.00000 404.78501 7.49987 -0.63129
227.65300 294.54462 71.00000 404.76300 7.49987 -0.63129
227.66900 294.54451 71.00000 404.74099 7.49987 -0.63129
227.68500 294.54440 71.00000 404.72028 7.49987 -0.63129
227.70200 294.54429 71.00000 404.69827 7.49987 -0.63129
227.72000 294.54418 71.00000 404.67625 7.49987 -0.63129
227.73600 294.54408 71.00000 404.65553 7.49987 -0.63129
227.75300 294.54397 71.00000 404.63352 7.49987 -0.63129
227.77000 294.54386 71.00000 404.61150 7.49987 -0.63129
227.78600 294.54376 71.00000 404.59078 7.49987 -0.63129
227.80300 294.54365 71.00000 404.56877 7.49987 -0.63129
227.82000 294.54354 71.00000 404.54675 7.49987 -0.48129
227.83600 294.54344 71.00000 404.52603 7.49987 -0.48129
227.85300 294.54333 71.00000 404.50402 7.34987 -0.48129
227.87000 294.54324 71.00000 404.48200 7.34987 -0.48129
227.88600 294.54316 71.00000 404.46128 7.34987 -0.48129
227.90300 294.54308 71.00000 404.43927 7.34987 -0.48129
227.92000 294.54299 71.00000 404.41725 7.34987 -0.48129
227.93700 294.54292 71.00000 404.39653 7.34987 -0.33129
227.95200 294.54283 71.00000 404.37451 7.34987 -0.33129
227.96900 294.54277 71.00000 404.35249 7.34987 -0.33129
227.98500 294.54271 71.00000 404.33177 7.34987 -0.33129
228.00300 294.54266 71.00000 404.30976 7.34987 -0.33129
228.02000 294.54260 71.00000 404.28774 7.34987 -0.33129
228.03700 294.54254 71.00000 404.26702 7.19987 -0.33129
228.05400 294.54249 71.00000 404.24500 7.19987 -0.18129
228.07000 294.54245 71.00000 404.22298 7.19987 -0.18129
228.08500 294.54242 71.00000 404.20226 7.19987 -0.18129
228.10300 294.54239 71.00000 404.18024 7.19987 -0.03129
228.12000 294.54237 71.00000 404.15823 7.19987 -0.03129
228.13600 294.54237 71.00000 404.13750 7.19987 -0.03129
228.15200 294.54236 71.00000 404.11549 7.19987 -0.03129
228.17000 294.54236 71.00000 404.09347 7.19987 0.11871
228.18500 294.54235 71.00000 404.07275 7.04987 0.11871
228.20300 294.54235 71.00000 404.05073 7.04987 0.11871
228.21900 294.54236 71.00000 404.02871 7.04987 0.11871
228.23500 294.54238 71.00000 404.00799 7.04987 0.11871
228.25200 294.54240 71.00000 403.98597 7.04987 0.11871
228.26900 294.54242 71.00000 403.96395 7.04987 0.11871
228.28600 294.54244 71.00000 403.94323 7.04987 0.11871
228.30300 294.54246 71.00000 403.92121 7.04987 0.11871
228.32000 294.54248 71.00000 403.89920 7.04987 0.11871
228.33500 294.54250 71.00000 403.87847 7.04987 0.11871
228.35200 294.54252 71.00000 403.85646 7.04987 0.11871
228.36900 294.54254 71.00000 403.83444 7.04987 0.11871
228.38500 294.54256 71.00000 403.81372 7.04987 0.11871
228.40300 294.54258 71.00000 403.79170 7.04987 0.11871
228.42000 294.54260 71.00000 403.76968 7.04987 0.11871
228.43600 294.54262 71.00000 403.74896 7.04987 0.11871
228.45200 294.54264 71.00000 403.72694 7.04987 0.11871
228.47100 294.54266 71.00000 403.70492 7.04987 0.11871
228.50300 294.54270 71.00000 403.66218 7.04987 0.11871
228.51900 294.54272 71.00000 403.64017 7.04987 0.11871
228.53500 294.54274 71.00000 403.61944 7.04987 0.11871
228.55200 294.54276 71.00000 403.59743 7.04987 0.11871
228.56900 294.54278 71.00000 403.57541 7.04987 0.11871
228.58600 294.54280 71.00000 403.55469 7.04987 0.11871
228.60300 294.54282 71.00000 403.53267 7.04987 0.11871
228.62000 294.54284 71.00000 403.51065 7.04987 0.11871
228.63500 294.54285 71.00000 403.48993 7.04987 0.11871
228.65200 294.54287 71.00000 403.46791 7.04987 0.11871
228.66900 294.54289 71.00000 403.44589 7.04987 0.11871
228.68500 294.54291 71.00000 403.42517 7.04987 0.11871
228.70200 294.54293 71.00000 403.40315 7.04987 0.11871
228.71900 294.54295 71.00000 403.38114 7.04987 0.11871
228.73600 294.54297 71.00000 403.36041 7.04987 0.11871
228.75300 294.54299 71.00000 403.33840 7.04987 0.11871
228.77000 294.54301 71.00000 403.31638 7.04987 0.11871
228.78500 294.54303 71.00000 403.29566 7.04987 0.11871
228.80400 294.54305 71.00000 403.27364 7.04987 0.11871
228.82000 294.54307 71.00000 403.25162 7.04987 0.11871
228.83500 294.54309 71.00000 403.23090 7.04987 0.11871
228.85300 294.54311 71.00000 403.20888 7.04987 0.11871
228.86900 294.54313 71.00000 403.18686 7.04987 0.11871
228.88500 294.54315 71.00000 403.16614 7.04987 0.11871
228.90300 294.54317 71.00000 403.14412 7.04987 0.11871
228.91900 294.54319 71.00000 403.12211 7.04987 0.11871
228.93500 294.54321 71.00000 403.10138 7.04987 0.11871
228.95200 294.54323 71.00000 403.07937 7.04987 0.11871
228.96900 294.54325 71.00000 403.05735 7.04987 0.11871
228.98600 294.54327 71.00000 403.03663 7.04987 0.11871
229.00200 294.54329 71.00000 403.01461 7.04987 0.11871
229.01900 294.54331 71.00000 402.99259 7.04987 0.11871
229.03500 294.54333 71.00000 402.97187 7.04987 0.11871
229.05200 294.54335 71.00000 402.94985 7.04987 0.11871
229.06900 294.54337 71.00000 402.92783 7.04987 0.11871
229.08500 294.54339 71.00000 402.90711 7.04987 0.11871
229.10200 294.54341 71.00000 402.88509 7.04987 0.11871
229.11900 294.54343 71.00000 402.86308 7.04987 0.11871
229.13500 294.54345 71.00000 402.84235 7.04987 0.11871
229.15200 294.54347 71.00000 402.82034 7.04987 0.11871
229.17000 294.54349 71.00000 402.79832 7.04987 0.11871
229.18500 294.54351 71.00000 402.77760 7.04987 0.11871
229.20200 294.54353 71.00000 402.75558 7.04987 0.11871
229.21900 294.54355 71.00000 402.73356 7.04987 0.11871
229.23500 294.54356 71.00000 402.71284 7.04987 0.11871
229.25300 294.54358 71.00000 402.69082 7.04987 0.11871
229.26900 294.54361 71.00000 402.66880 7.04987 0.11871
229.28500 294.54362 71.00000 402.64808 7.04987 -0.03129
229.30200 294.54364 71.00000 402.62606 7.19987 -0.03129
229.31900 294.54365 71.00000 402.60405 7.19987 -0.18129
229.33500 294.54364 71.00000 402.58332 7.19987 -0.18129
229.35200 294.54364 71.00000 402.56131 7.19987 -0.33129
229.36900 294.54360 71.00000 402.53929 7.19987 -0.33129
229.38500 294.54354 71.00000 402.51857 7.19987 -0.33129
229.40300 294.54348 71.00000 402.49655 7.19987 -0.33129
229.42000 294.54343 71.00000 402.47453 7.19987 -0.33129
229.43500 294.54337 71.00000 402.45381 7.19987 -0.33129
229.45200 294.54331 71.00000 402.43179 7.19987 -0.33129
229.46900 294.54326 71.00000 402.40977 7.19987 -0.33129
229.48500 294.54320 71.00000 402.38905 7.19987 -0.33129
229.50300 294.54315 71.00000 402.36703 7.19987 -0.33129
229.52100 294.54309 71.00000 402.34502 7.19987 -0.33129
229.55200 294.54298 71.00000 402.30228 7.19987 -0.33129
229.56900 294.54292 71.00000 402.28026 7.19987 -0.33129
229.58600 294.54286 71.00000 402.25954 7.19987 -0.33129
229.60300 294.54281 71.00000 402.23752 7.19987 -0.33129
229.62200 294.54270 71.00000 402.19478 7.19987 -0.33129
229.65300 294.54264 71.00000 402.17276 7.19987 -0.33129
229.66900 294.54258 71.00000 402.15075 7.19987 -0.33129
229.68500 294.54253 71.00000 402.13002 7.19987 -0.33129
229.70200 294.54247 71.00000 402.10801 7.19987 -0.33129
229.71900 294.54241 71.00000 402.08599 7.19987 -0.33129
229.73500 294.54236 71.00000 402.06527 7.19987 -0.33129
229.75300 294.54230 71.00000 402.04325 7.19987 -0.33129
229.77000 294.54224 71.00000 402.02123 7.19987 -0.33129
229.78500 294.54219 71.00000 402.00051 7.19987 -0.33129
229.80200 294.54213 71.00000 401.97849 7.19987 -0.33129
229.81900 294.54207 71.00000 401.95648 7.19987 -0.33129
229.83500 294.54202 71.00000 401.93575 7.19987 -0.33129
229.85200 294.54196 71.00000 401.91374 7.19987 -0.33129
229.86900 294.54190 71.00000 401.89172 7.19987 -0.33129
229.88600 294.54185 71.00000 401.87100 7.19987 -0.33129
229.90200 294.54179 71.00000 401.84898 7.19987 -0.33129
229.91900 294.54174 71.00000 401.82696 7.19987 -0.33129
229.93600 294.54168 71.00000 401.80624 7.19987 -0.33129
229.95200 294.54162 71.00000 401.78422 7.04987 -0.33129
229.97000 294.54157 71.00000 401.76221 6.89987 -0.48129
229.98600 294.54151 71.00000 401.74149 6.74987 -0.63129
230.00200 294.54145 71.00000 401.71947 6.59987 -0.78129
230.01900 294.54134 71.00000 401.69745 6.44987 -0.78129
230.03500 294.54121 71.00000 401.67673 6.44987 -0.93129
230.05200 294.54108 71.00000 401.65471 6.44987 -0.93129
230.06900 294.54092 71.00000 401.63270 6.44987 -0.93129
230.08500 294.54077 71.00000 401.61198 6.44987 -0.93129
230.10200 294.54061 71.00000 401.58996 6.44987 -0.93129
230.11900 294.54045 71.00000 401.56795 6.44987 -0.93129
230.13500 294.54029 71.00000 401.54723 6.44987 -0.93129
230.15200 294.54013 71.00000 401.52521 6.44987 -0.93129
230.17000 294.53997 71.00000 401.50320 6.44987 -0.93129
230.18500 294.53982 71.00000 401.48248 6.44987 -0.93129
230.20200 294.53966 71.00000 401.46046 6.44987 -0.93129
230.21800 294.53949 71.00000 401.43845 6.44987 -0.93129
230.23500 294.53934 71.00000 401.41773 6.44987 -0.93129
230.25200 294.53918 71.00000 401.39571 6.44987 -0.93129
230.26900 294.53902 71.00000 401.37370 6.44987 -0.93129
230.28500 294.53887 71.00000 401.35298 6.44987 -0.93129
230.30200 294.53870 71.00000 401.33096 6.44987 -0.93129
230.31900 294.53854 71.00000 401.30895 6.44987 -0.93129
230.33500 294.53839 71.00000 401.28823 6.44987 -0.93129
230.35300 294.53823 71.00000 401.26621 6.44987 -0.93129
230.36900 294.53806 71.00000 401.24420 6.44987 -0.93129
230.38500 294.53791 71.00000 401.22348 6.44987 -0.93129
230.40200 294.53775 71.00000 401.20146 6.44987 -0.93129
230.41900 294.53759 71.00000 401.17945 6.44987 -0.93129
230.43500 294.53744 71.00000 401.15873 6.44987 -0.93129
230.45200 294.53727 71.00000 401.13671 6.44987 -0.93129
230.46900 294.53711 71.00000 401.11470 6.44987 -0.93129
230.48500 294.53696 71.00000 401.09398 6.44987 -0.93129
230.50200 294.53680 71.00000 401.07196 6.44987 -0.93129
230.51900 294.53664 71.00000 401.04995 6.44987 -0.93129
230.53500 294.53648 71.00000 401.02923 6.44987 -0.93129
230.55200 294.53632 71.00000 401.00722 6.44987 -0.93129
230.56900 294.53616 71.00000 400.98520 6.44987 -0.93129
230.58500 294.53601 71.00000 400.96448 6.44987 -0.93129
230.60200 294.53585 71.00000 400.94247 6.44987 -0.93129
230.62800 294.53553 71.00000 400.89973 6.44987 -0.93129
230.65200 294.53537 71.00000 400.87772 6.44987 -0.93129
230.66900 294.53521 71.00000 400.85570 6.44987 -0.93129
230.68600 294.53505 71.00000 400.83498 6.44987 -0.93129
230.70300 294.53489 71.00000 400.81297 6.44987 -0.93129
230.72000 294.53473 71.00000 400.79095 6.44987 -0.93129
230.73600 294.53458 71.00000 400.77023 6.44987 -0.93129
230.75300 294.53442 71.00000 400.74822 6.44987 -0.93129
230.76900 294.53425 71.00000 400.72620 6.44987 -0.93129
230.78500 294.53410 71.00000 400.70548 6.44987 -0.93129
230.80200 294.53394 71.00000 400.68347 6.44987 -0.93129
230.81900 294.53378 71.00000 400.66145 6.44987 -0.93129
230.83500 294.53363 71.00000 400.64074 6.44987 -0.93129
230.85200 294.53346 71.00000 400.61872 6.44987 -0.93129
230.86900 294.53330 71.00000 400.59671 6.44987 -0.93129
230.88500 294.53315 71.00000 400.57599 6.44987 -0.93129
230.90200 294.53299 71.00000 400.55397 6.44987 -0.93129
230.91900 294.53283 71.00000 400.53196 6.44987 -0.93129
230.93500 294.53267 71.00000 400.51124 6.44987 -0.93129
230.95200 294.53251 71.00000 400.48922 6.44987 -0.93129
230.96900 294.53235 71.00000 400.46721 6.44987 -0.93129
230.98500 294.53220 71.00000 400.44649 6.44987 -0.93129
231.00200 294.53203 71.00000 400.42447 6.44987 -0.93129
231.01900 294.53187 71.00000 400.40246 6.44987 -0.93129
231.03500 294.53172 71.00000 400.38174 6.44987 -0.93129
231.05200 294.53156 71.00000 400.35972 6.44987 -0.93129
231.06900 294.53140 71.00000 400.33771 6.44987 -0.93129
231.08500 294.53124 71.00000 400.31699 6.44987 -0.93129
231.10300 294.53108 71.00000 400.29497 6.44987 -0.93129
231.11900 294.53092 71.00000 400.27296 6.44987 -0.93129
231.13500 294.53077 71.00000 400.25224 6.44987 -1.08129
231.15200 294.53061 71.00000 400.23023 6.44987 -1.23129
231.16900 294.53041 71.00000 400.20821 6.44987 -1.23129
231.18500 294.53020 71.00000 400.18749 6.44987 -1.38129
231.20200 294.52999 71.00000 400.16548 6.44987 -1.38129
231.22000 294.52976 71.00000 400.14347 6.44987 -1.38129
231.23500 294.52953 71.00000 400.12275 6.44987 -1.38129
231.25200 294.52929 71.00000 400.10074 6.44987 -1.38129
231.26900 294.52905 71.00000 400.07872 6.44987 -1.38129
231.28500 294.52882 71.00000 400.05801 6.59987 -1.38129
231.30200 294.52858 71.00000 400.03600 6.59987 -1.38129
231.32000 294.52834 71.00000 400.01398 6.59987 -1.38129
231.33600 294.52812 71.00000 399.99327 6.59987 -1.38129
231.35300 294.52787 71.00000 399.97125 6.59987 -1.38129
231.37000 294.52763 71.00000 399.94924 6.59987 -1.38129
231.38600 294.52741 71.00000 399.92853 6.59987 -1.38129
231.40300 294.52717 71.00000 399.90652 6.59987 -1.38129
231.41900 294.52693 71.00000 399.88450 6.59987 -1.38129
231.43600 294.52670 71.00000 399.86379 6.59987 -1.38129
231.45300 294.52646 71.00000 399.84178 6.59987 -1.38129
231.47000 294.52622 71.00000 399.81976 6.59987 -1.38129
231.48600 294.52599 71.00000 399.79905 6.59987 -1.38129
231.50200 294.52575 71.00000 399.77704 6.59987 -1.38129
231.51900 294.52551 71.00000 399.75503 6.59987 -1.38129
231.53500 294.52529 71.00000 399.73431 6.59987 -1.38129
231.55200 294.52505 71.00000 399.71230 6.59987 -1.38129
231.56900 294.52480 71.00000 399.69029 6.59987 -1.38129
231.58600 294.52458 71.00000 399.66957 6.59987 -1.38129
231.60300 294.52434 71.00000 399.64756 6.59987 -1.38129
231.61900 294.52410 71.00000 399.62555 6.59987 -1.38129
231.63600 294.52387 71.00000 399.60483 6.59987 -1.38129
231.65300 294.52363 71.00000 399.58282 6.59987 -1.38129
231.66900 294.52339 71.00000 399.56081 6.59987 -1.38129
231.68500 294.52316 71.00000 399.54009 6.59987 -1.38129
231.70300 294.52292 71.00000 399.51808 6.59987 -1.38129
231.72000 294.52268 71.00000 399.49607 6.59987 -1.38129
231.73500 294.52246 71.00000 399.47535 6.59987 -1.38129
231.75200 294.52222 71.00000 399.45334 6.59987 -1.38129
231.76900 294.52197 71.00000 399.43133 6.59987 -1.38129
231.78500 294.52175 71.00000 399.41062 6.59987 -1.38129
231.80200 294.52151 71.00000 399.38860 6.59987 -1.38129
231.81900 294.52127 71.00000 399.36659 6.59987 -1.38129
231.83500 294.52104 71.00000 399.34588 6.59987 -1.38129
231.85200 294.52080 71.00000 399.32387 6.59987 -1.38129
231.86900 294.52056 71.00000 399.30185 6.59987 -1.38129
231.88500 294.52033 71.00000 399.28114 6.59987 -1.38129
231.90200 294.52009 71.00000 399.25913 6.59987 -1.38129
231.91900 294.51985 71.00000 399.23712 6.59987 -1.38129
231.93500 294.51963 71.00000 399.21640 6.59987 -1.38129
231.95200 294.51939 71.00000 399.19439 6.59987 -1.38129
231.97000 294.51915 71.00000 399.17238 6.59987 -1.38129
231.98600 294.51892 71.00000 399.15166 6.59987 -1.38129
232.00300 294.51868 71.00000 399.12965 6.59987 -1.38129
232.02000 294.51844 71.00000 399.10764 6.59987 -1.38129
232.03500 294.51821 71.00000 399.08692 6.59987 -1.38129
232.05200 294.51797 71.00000 399.06491 6.59987 -1.38129
232.06900 294.51773 71.00000 399.04290 6.59987 -1.38129
232.08500 294.51750 71.00000 399.02218 6.59987 -1.38129
232.10200 294.51726 71.00000 399.00017 6.59987 -1.38129
232.11900 294.51702 71.00000 398.97816 6.59987 -1.38129
232.13500 294.51680 71.00000 398.95744 6.59987 -1.38129
232.15200 294.51656 71.00000 398.93543 6.59987 -1.38129
232.16900 294.51632 71.00000 398.91342 6.59987 -1.38129
232.18500 294.51609 71.00000 398.89270 6.59987 -1.38129
232.20200 294.51585 71.00000 398.87069 6.59987 -1.38129
232.21900 294.51561 71.00000 398.84868 6.59987 -1.38129
232.23500 294.51538 71.00000 398.82797 6.59987 -1.38129
232.25200 294.51514 71.00000 398.80595 6.59987 -1.38129
232.26900 294.51490 71.00000 398.78394 6.59987 -1.38129
232.28500 294.51467 71.00000 398.76323 6.59987 -1.38129
232.30200 294.51443 71.00000 398.74122 6.59987 -1.38129
232.31900 294.51419 71.00000 398.71920 6.59987 -1.38129
232.33600 294.51397 71.00000 398.69849 6.59987 -1.38129
232.35200 294.51373 71.00000 398.67648 6.59987 -1.38129
232.36900 294.51349 71.00000 398.65447 6.59987 -1.38129
232.38500 294.51326 71.00000 398.63375 6.59987 -1.38129
232.40200 294.51302 71.00000 398.61174 6.59987 -1.38129
232.41900 294.51278 71.00000 398.58973 6.59987 -1.38129
232.43500 294.51255 71.00000 398.56901 6.59987 -1.38129
232.45200 294.51231 71.00000 398.54700 6.59987 -1.38129
232.46900 294.51207 71.00000 398.52499 6.59987 -1.38129
232.48700 294.51184 71.00000 398.50427 6.59987 -1.38129
232.50300 294.51160 71.00000 398.48226 6.59987 -1.38129
232.52000 294.51136 71.00000 398.46025 6.59987 -1.38129
232.53500 294.51114 71.00000 398.43953 6.59987 -1.38129
232.55200 294.51090 71.00000 398.41752 6.59987 -1.38129
232.56900 294.51066 71.00000 398.39551 6.59987 -1.38129
232.58500 294.51043 71.00000 398.37479 6.59987 -1.38129
232.60200 294.51019 71.00000 398.35278 6.59987 -1.38129
232.62200 294.50972 71.00000 398.31006 6.59987 -1.38129
232.65200 294.50948 71.00000 398.28804 6.59987 -1.38129
232.66900 294.50924 71.00000 398.26603 6.59987 -1.38129
232.68500 294.50901 71.00000 398.24532 6.59987 -1.38129
232.70200 294.50877 71.00000 398.22331 6.59987 -1.38129
232.71900 294.50853 71.00000 398.20129 6.59987 -1.38129
232.73600 294.50831 71.00000 398.18058 6.59987 -1.38129
232.75200 294.50807 71.00000 398.15857 6.59987 -1.38129
232.76900 294.50783 71.00000 398.13656 6.59987 -1.38129
232.78500 294.50760 71.00000 398.11584 6.59987 -1.38129
232.80200 294.50736 71.00000 398.09383 6.59987 -1.38129
232.82000 294.50712 71.00000 398.07182 6.59987 -1.38129
232.83500 294.50689 71.00000 398.05110 6.59987 -1.38129
232.85200 294.50665 71.00000 398.02909 6.59987 -1.38129
232.86900 294.50641 71.00000 398.00708 6.59987 -1.38129
232.88500 294.50619 71.00000 397.98636 6.59987 -1.38129
232.90200 294.50594 71.00000 397.96435 6.59987 -1.38129
232.91900 294.50570 71.00000 397.94234 6.59987 -1.38129
232.93500 294.50548 71.00000 397.92162 6.59987 -1.38129
232.95200 294.50524 71.00000 397.89961 6.59987 -1.38129
232.96900 294.50500 71.00000 397.87760 6.59987 -1.38129
232.98500 294.50477 71.00000 397.85688 6.59987 -1.38129
233.00200 294.50453 71.00000 397.83487 6.59987 -1.38129
233.02000 294.50429 71.00000 397.81286 6.59987 -1.38129
233.03600 294.50406 71.00000 397.79214 6.59987 -1.38129
233.05300 294.50382 71.00000 397.77013 6.59987 -1.38129
233.07000 294.50358 71.00000 397.74812 6.59987 -1.38129
233.08500 294.50336 71.00000 397.72741 6.59987 -1.38129
233.10200 294.50312 71.00000 397.70539 6.59987 -1.38129
233.11900 294.50287 71.00000 397.68338 6.59987 -1.38129
233.13600 294.50265 71.00000 397.66267 6.59987 -1.38129
233.15200 294.50241 71.00000 397.64066 6.59987 -1.38129
233.16900 294.50217 71.00000 397.61864 6.59987 -1.38129
233.18500 294.50194 71.00000 397.59793 6.59987 -1.38129
233.20200 294.50170 71.00000 397.57592 6.59987 -1.38129
233.21900 294.50146 71.00000 397.55391 6.59987 -1.38129
233.23500 294.50123 71.00000 397.53319 6.59987 -1.38129
233.25200 294.50099 71.00000 397.51118 6.59987 -1.38129
233.26900 294.50075 71.00000 397.48917 6.59987 -1.38129
233.28500 294.50053 71.00000 397.46845 6.59987 -1.38129
233.30200 294.50029 71.00000 397.44644 6.59987 -1.38129
233.31900 294.50004 71.00000 397.42443 6.59987 -1.38129
233.33500 294.49982 71.00000 397.40371 6.59987 -1.38129
233.35200 294.49958 71.00000 397.38170 6.59987 -1.38129
233.36800 294.49934 71.00000 397.35969 6.59987 -1.38129
233.38600 294.49911 71.00000 397.33897 6.59987 -1.38129
233.40200 294.49887 71.00000 397.31696 6.59987 -1.38129
233.41900 294.49863 71.00000 397.29495 6.59987 -1.38129
233.43500 294.49840 71.00000 397.27423 6.59987 -1.38129
233.45200 294.49816 71.00000 397.25222 6.59987 -1.38129
233.47000 294.49792 71.00000 397.23021 6.59987 -1.38129
233.48500 294.49770 71.00000 397.20950 6.59987 -1.38129
233.50200 294.49746 71.00000 397.18748 6.59987 -1.38129
233.51900 294.49722 71.00000 397.16547 6.59987 -1.38129
233.53500 294.49699 71.00000 397.14476 6.59987 -1.38129
233.55200 294.49675 71.00000 397.12275 6.59987 -1.38129
233.56900 294.49651 71.00000 397.10073 6.59987 -1.38129
233.59400 294.49604 71.00000 397.05801 6.59987 -1.38129
233.61900 294.49580 71.00000 397.03600 6.59987 -1.38129
233.63500 294.49557 71.00000 397.01528 6.59987 -1.38129
233.65300 294.49533 71.00000 396.99327 6.59987 -1.38129
233.66900 294.49509 71.00000 396.97126 6.59987 -1.38129
233.68600 294.49487 71.00000 396.95054 6.59987 -1.38129
233.70400 294.49463 71.00000 396.92853 6.59987 -1.38129
233.72100 294.49416 71.00000 396.88580 6.59987 -1.38129
233.75200 294.49392 71.00000 396.86379 6.59987 -1.38129
233.76900 294.49368 71.00000 396.84178 6.59987 -1.38129
233.78500 294.49345 71.00000 396.82106 6.59987 -1.38129
233.80200 294.49321 71.00000 396.79905 6.59987 -1.38129
233.81900 294.49297 71.00000 396.77704 6.59987 -1.38129
233.83900 294.49250 71.00000 396.73431 6.59987 -1.38129
233.86900 294.49226 71.00000 396.71230 6.59987 -1.38129
233.88700 294.49204 71.00000 396.69158 6.59987 -1.38129
233.90200 294.49180 71.00000 396.66957 6.59987 -1.38129
233.92200 294.49133 71.00000 396.62685 6.59987 -1.38129
233.95200 294.49109 71.00000 396.60483 6.59987 -1.38129
233.96900 294.49085 71.00000 396.58282 6.59987 -1.38129
233.98500 294.49062 71.00000 396.56211 6.59987 -1.38129
234.00300 294.49038 71.00000 396.54010 6.59987 -1.38129
234.01900 294.49014 71.00000 396.51808 6.59987 -1.38129
234.03500 294.48991 71.00000 396.49737 6.59987 -1.38129
234.05200 294.48967 71.00000 396.47536 6.59987 -1.38129
234.07000 294.48943 71.00000 396.45335 6.59987 -1.38129
234.08500 294.48921 71.00000 396.43263 6.59987 -1.38129
234.10200 294.48897 71.00000 396.41062 6.59987 -1.38129
234.11900 294.48873 71.00000 396.38861 6.59987 -1.38129
234.13500 294.48850 71.00000 396.36789 6.59987 -1.38129
234.15200 294.48826 71.00000 396.34588 6.59987 -1.38129
234.16900 294.48802 71.00000 396.32387 6.59987 -1.38129
234.18500 294.48779 71.00000 396.30315 6.59987 -1.38129
234.20200 294.48755 71.00000 396.28114 6.59987 -1.38129
234.21900 294.48731 71.00000 396.25913 6.59987 -1.38129
234.23500 294.48708 71.00000 396.23841 6.59987 -1.38129
234.25200 294.48684 71.00000 396.21640 6.59987 -1.38129
234.26900 294.48660 71.00000 396.19439 6.59987 -1.38129
234.28500 294.48638 71.00000 396.17367 6.59987 -1.38129
234.30200 294.48614 71.00000 396.15166 6.59987 -1.38129
234.31900 294.48590 71.00000 396.12965 6.59987 -1.38129
234.33500 294.48567 71.00000 396.10894 6.59987 -1.38129
234.35200 294.48543 71.00000 396.08692 6.59987 -1.38129
234.36900 294.48519 71.00000 396.06491 6.59987 -1.38129
234.38500 294.48496 71.00000 396.04420 6.59987 -1.38129
234.40200 294.48472 71.00000 396.02219 6.59987 -1.38129
234.41900 294.48448 71.00000 396.00017 6.59987 -1.38129
234.43500 294.48426 71.00000 395.97946 6.59987 -1.38129
234.45200 294.48401 71.00000 395.95745 6.59987 -1.38129
234.47100 294.48355 71.00000 395.91472 6.59987 -1.38129
234.50300 294.48331 71.00000 395.89271 6.59987 -1.38129
234.51900 294.48307 71.00000 395.87070 6.59987 -1.38129
234.53500 294.48284 71.00000 395.84998 6.59987 -1.38129
234.55200 294.48260 71.00000 395.82797 6.59987 -1.38129
234.57000 294.48236 71.00000 395.80596 6.59987 -1.38129
234.58700 294.48213 71.00000 395.78524 6.59987 -1.38129
234.60200 294.48189 71.00000 395.76323 6.59987 -1.38129
234.61900 294.48165 71.00000 395.74122 6.59987 -1.38129
234.63500 294.48143 71.00000 395.72050 6.59987 -1.38129
234.65200 294.48118 71.00000 395.69849 6.59987 -1.38129
234.66900 294.48094 71.00000 395.67648 6.59987 -1.38129
234.68500 294.48072 71.00000 395.65576 6.59987 -1.38129
234.70200 294.48048 71.00000 395.63375 6.59987 -1.38129
234.71900 294.48024 71.00000 395.61174 6.59987 -1.38129
234.73500 294.48001 71.00000 395.59102 6.59987 -1.38129
234.75200 294.47977 71.00000 395.56901 6.59987 -1.38129
234.76900 294.47953 71.00000 395.54700 6.59987 -1.38129
234.78500 294.47930 71.00000 395.52629 6.59987 -1.38129
234.80200 294.47906 71.00000 395.50427 6.59987 -1.38129
234.81900 294.47882 71.00000 395.48226 6.59987 -1.38129
234.83500 294.47860 71.00000 395.46155 6.59987 -1.38129
234.85200 294.47836 71.00000 395.43954 6.59987 -1.38129
234.86900 294.47811 71.00000 395.41752 6.59987 -1.38129
234.88500 294.47789 71.00000 395.39681 6.59987 -1.38129
234.90200 294.47765 71.00000 395.37480 6.59987 -1.38129
234.91900 294.47741 71.00000 395.35279 6.59987 -1.38129
234.93500 294.47718 71.00000 395.33207 6.59987 -1.38129
234.95200 294.47694 71.00000 395.31006 6.59987 -1.38129
234.96900 294.47670 71.00000 395.28805 6.59987 -1.38129
234.98500 294.47647 71.00000 395.26733 6.59987 -1.38129
235.00200 294.47623 71.00000 395.24532 6.59987 -1.38129
235.01900 294.47599 71.00000 395.22331 6.59987 -1.38129
235.03500 294.47577 71.00000 395.20259 6.59987 -1.38129
235.05200 294.47553 71.00000 395.18058 6.59987 -1.38129
235.06900 294.47529 71.00000 395.15857 6.59987 -1.38129
235.08600 294.47506 71.00000 395.13785 6.59987 -1.38129
235.10200 294.47482 71.00000 395.11584 6.59987 -1.38129
235.11900 294.47458 71.00000 395.09383 6.59987 -1.38129
235.13500 294.47435 71.00000 395.07311 6.59987 -1.38129
235.15200 294.47411 71.00000 395.05110 6.59987 -1.38129
235.17000 294.47387 71.00000 395.02909 6.59987 -1.38129
235.18600 294.47364 71.00000 395.00838 6.59987 -1.38129
235.20200 294.47340 71.00000 394.98636 6.59987 -1.38129
235.21900 294.47316 71.00000 394.96435 6.59987 -1.38129
235.23500 294.47294 71.00000 394.94364 6.59987 -1.38129
235.25300 294.47270 71.00000 394.92163 6.59987 -1.38129
235.26900 294.47246 71.00000 394.89961 6.59987 -1.38129
235.28500 294.47223 71.00000 394.87890 6.59987 -1.38129
235.30200 294.47199 71.00000 394.85689 6.59987 -1.38129
235.31900 294.47175 71.00000 394.83488 6.59987 -1.38129
235.33500 294.47152 71.00000 394.81416 6.59987 -1.38129
235.35200 294.47128 71.00000 394.79215 6.59987 -1.38129
235.36900 294.47104 71.00000 394.77014 6.59987 -1.38129
235.38500 294.47081 71.00000 394.74942 6.59987 -1.38129
235.40200 294.47057 71.00000 394.72741 6.59987 -1.38129
235.41900 294.47033 71.00000 394.70540 6.59987 -1.38129
235.43500 294.47011 71.00000 394.68468 6.59987 -1.38129
235.45200 294.46987 71.00000 394.66267 6.59987 -1.38129
235.47000 294.46963 71.00000 394.64066 6.59987 -1.38129
235.48500 294.46940 71.00000 394.61994 6.59987 -1.38129
235.50200 294.46916 71.00000 394.59793 6.59987 -1.38129
235.52000 294.46892 71.00000 394.57592 6.59987 -1.38129
235.53500 294.46869 71.00000 394.55520 6.59987 -1.38129
235.55200 294.46845 71.00000 394.53319 6.59987 -1.38129
235.56900 294.46821 71.00000 394.51118 6.59987 -1.38129
235.58500 294.46798 71.00000 394.49047 6.59987 -1.38129
235.60200 294.46774 71.00000 394.46845 6.59987 -1.38129
235.62300 294.46728 71.00000 394.42573 6.59987 -1.38129
235.65500 294.46704 71.00000 394.40372 6.59987 -1.38129
235.68400 294.46657 71.00000 394.36099 6.59987 -1.38129
235.70200 294.46633 71.00000 394.33898 6.59987 -1.38129
235.72000 294.46609 71.00000 394.31697 6.59987 -1.38129
235.73500 294.46586 71.00000 394.29625 6.59987 -1.38129
235.75200 294.46562 71.00000 394.27424 6.59987 -1.38129
235.76900 294.46538 71.00000 394.25223 6.59987 -1.38129
235.78500 294.46515 71.00000 394.23151 6.59987 -1.38129
235.80400 294.46491 71.00000 394.20950 6.59987 -1.38129
235.82200 294.46445 71.00000 394.16677 6.59987 -1.38129
235.85200 294.46421 71.00000 394.14476 6.59987 -1.38129
235.86900 294.46397 71.00000 394.12275 6.59987 -1.38129
235.88400 294.46374 71.00000 394.10203 6.59987 -1.38129
235.90500 294.46350 71.00000 394.08002 6.59987 -1.38129
235.93500 294.46303 71.00000 394.03729 6.59987 -1.38129
235.95200 294.46279 71.00000 394.01528 6.59987 -1.38129
235.96900 294.46255 71.00000 393.99327 6.59987 -1.38129
235.98600 294.46233 71.00000 393.97255 6.59987 -1.38129
236.00200 294.46208 71.00000 393.95054 6.59987 -1.38129
236.02000 294.46184 71.00000 393.92853 6.59987 -1.38129
236.03600 294.46162 71.00000 393.90782 6.59987 -1.38129
236.05300 294.46138 71.00000 393.88580 6.59987 -1.38129
236.06900 294.46114 71.00000 393.86379 6.59987 -1.38129
236.08600 294.46091 71.00000 393.84308 6.59987 -1.38129
236.10200 294.46067 71.00000 393.82107 6.59987 -1.38129
236.11900 294.46043 71.00000 393.79905 6.59987 -1.38129
236.13500 294.46020 71.00000 393.77834 6.59987 -1.38129
236.15300 294.45996 71.00000 393.75633 6.59987 -1.38129
236.16900 294.45972 71.00000 393.73432 6.59987 -1.38129
236.18500 294.45950 71.00000 393.71360 6.59987 -1.38129
236.20200 294.45925 71.00000 393.69159 6.59987 -1.38129
236.21900 294.45901 71.00000 393.66958 6.59987 -1.38129
236.23500 294.45879 71.00000 393.64886 6.59987 -1.38129
236.25200 294.45855 71.00000 393.62685 6.59987 -1.38129
236.26900 294.45831 71.00000 393.60484 6.59987 -1.38129
236.28500 294.45808 71.00000 393.58412 6.59987 -1.38129
236.30200 294.45784 71.00000 393.56211 6.59987 -1.38129
236.31900 294.45760 71.00000 393.54010 6.59987 -1.38129
236.33600 294.45737 71.00000 393.51938 6.59987 -1.38129
236.35200 294.45713 71.00000 393.49737 6.59987 -1.38129
236.36900 294.45689 71.00000 393.47536 6.59987 -1.38129
236.38600 294.45667 71.00000 393.45464 6.59987 -1.38129
236.40400 294.45643 71.00000 393.43263 6.59987 -1.38129
236.42100 294.45596 71.00000 393.38991 6.59987 -1.38129
236.45200 294.45572 71.00000 393.36789 6.59987 -1.38129
236.46900 294.45548 71.00000 393.34588 6.59987 -1.38129
236.48500 294.45525 71.00000 393.32517 6.59987 -1.38129
236.50200 294.45501 71.00000 393.30316 6.59987 -1.38129
236.52700 294.45454 71.00000 393.26043 6.59987 -1.38129
236.55200 294.45430 71.00000 393.23842 6.59987 -1.38129
236.56900 294.45406 71.00000 393.21641 6.59987 -1.38129
236.58500 294.45384 71.00000 393.19569 6.59987 -1.38129
236.60300 294.45360 71.00000 393.17368 6.59987 -1.38129
236.61900 294.45335 71.00000 393.15167 6.59987 -1.38129
236.63500 294.45313 71.00000 393.13095 6.59987 -1.38129
236.65200 294.45289 71.00000 393.10894 6.59987 -1.38129
236.66900 294.45265 71.00000 393.08693 6.59987 -1.38129
236.68600 294.45242 71.00000 393.06621 6.59987 -1.38129
236.70200 294.45218 71.00000 393.04420 6.59987 -1.38129
236.71900 294.45194 71.00000 393.02219 6.59987 -1.38129
236.73500 294.45171 71.00000 393.00147 6.59987 -1.38129
236.75200 294.45147 71.00000 392.97946 6.59987 -1.38129
236.76900 294.45123 71.00000 392.95745 6.59987 -1.38129
236.78500 294.45101 71.00000 392.93673 6.59987 -1.38129
236.80400 294.45077 71.00000 392.91472 6.59987 -1.38129
236.81900 294.45053 71.00000 392.89271 6.59987 -1.38129
236.83600 294.45030 71.00000 392.87199 6.59987 -1.38129
236.85300 294.45006 71.00000 392.84998 6.59987 -1.38129
236.86900 294.44982 71.00000 392.82797 6.59987 -1.38129
236.88500 294.44959 71.00000 392.80726 6.59987 -1.38129
236.90300 294.44935 71.00000 392.78524 6.59987 -1.38129
236.91900 294.44911 71.00000 392.76323 6.59987 -1.38129
236.93500 294.44888 71.00000 392.74252 6.59987 -1.38129
236.95200 294.44864 71.00000 392.72051 6.59987 -1.38129
236.97000 294.44840 71.00000 392.69849 6.59987 -1.38129
236.98600 294.44818 71.00000 392.67778 6.59987 -1.38129
237.00200 294.44794 71.00000 392.65577 6.59987 -1.38129
237.01900 294.44770 71.00000 392.63376 6.59987 -1.38129
237.03500 294.44747 71.00000 392.61304 6.59987 -1.38129
237.05300 294.44723 71.00000 392.59103 6.59987 -1.38129
237.06900 294.44699 71.00000 392.56902 6.59987 -1.38129
237.08500 294.44676 71.00000 392.54830 6.59987 -1.38129
237.10300 294.44652 71.00000 392.52629 6.59987 -1.38129
237.11900 294.44628 71.00000 392.50428 6.59987 -1.38129
237.13500 294.44605 71.00000 392.48356 6.59987 -1.38129
237.15300 294.44581 71.00000 392.46155 6.59987 -1.38129
237.17000 294.44557 71.00000 392.43954 6.59987 -1.38129
237.18600 294.44535 71.00000 392.41882 6.59987 -1.38129
237.20300 294.44511 71.00000 392.39681 6.59987 -1.38129
237.21900 294.44504 71.00000 392.38185 6.59987 -1.38129
237.23500 294.44504 71.00000 392.37054 6.59987 -1.38129
237.25200 294.44504 71.00000 392.35853 6.59987 -1.38129
237.26900 294.44504 71.00000 392.35036 6.59987 -1.38129
237.28500 294.44504 71.00000 392.34418 6.59987 -1.38129
237.30200 294.44504 71.00000 392.33762 6.59987 -1.38129
237.31900 294.44504 71.00000 392.33316 6.59987 -1.38129
237.33500 294.44504 71.00000 392.32979 6.59987 -1.38129
237.35200 294.44504 71.00000 392.32621 6.59987 -1.38129
237.36900 294.44504 71.00000 392.32377 6.59987 -1.38129
237.38500 294.44504 71.00000 392.32193 6.59987 -1.38129
237.40200 294.44504 71.00000 392.31997 6.59987 -1.38129
237.41900 294.44504 71.00000 392.31865 6.59987 -1.38129
237.43500 294.44504 71.00000 392.31764 6.59987 -1.38129
237.45200 294.44504 71.00000 392.31657 6.59987 -1.38129
237.47000 294.44504 71.00000 392.31626 6.59987 -1.38129
237.48600 294.44504 71.00000 392.31626 6.59987 -1.38129
237.50300 294.44504 71.00000 392.31626 6.59987 -1.38129
237.51900 294.44504 71.00000 392.31626 6.59987 -1.38129
237.53500 294.44504 71.00000 392.31626 6.59987 -1.38129
237.55200 294.44504 71.00000 392.31626 6.59987 -1.38129
237.56900 294.44504 71.00000 392.31626 6.59987 -1.38129
237.58500 294.44504 71.00000 392.31626 6.59987 -1.38129
237.60200 294.44504 71.00000 392.31626 6.59987 -1.38129
237.62000 294.44504 71.00000 392.31626 6.59987 -1.38129
237.63500 294.44504 71.00000 392.31626 6.59987 -1.38129
237.65200 294.44504 71.00000 392.31626 6.59987 -1.38129
237.66900 294.44504 71.00000 392.31626 6.59987 -1.38129
237.68500 294.44504 71.00000 392.31626 6.59987 -1.38129
237.70500 294.44504 71.00000 392.31626 6.59987 -1.38129
237.73500 294.44504 71.00000 392.31626 6.59987 -1.38129
237.75500 294.44504 71.00000 392.31626 6.59987 -1.38129
237.78500 294.44504 71.00000 392.31626 6.59987 -1.38129
237.80300 294.44504 71.00000 392.31626 6.59987 -1.38129
237.82000 294.44504 71.00000 392.31626 6.59987 -1.38129
237.83600 294.44504 71.00000 392.31626 6.59987 -1.38129
237.85200 294.44504 71.00000 392.31626 6.59987 -1.38129
237.87300 294.44504 71.00000 392.31626 6.59987 -1.38129
237.90600 294.44504 71.00000 392.31626 6.59987 -1.38129
237.93500 294.44504 71.00000 392.31626 6.59987 -1.38129
237.95200 294.44504 71.00000 392.31626 6.59987 -1.38129
237.96900 294.44504 71.00000 392.31626 6.59987 -1.38129
237.98600 294.44504 71.00000 392.31626 6.59987 -1.38129
238.00300 294.44504 71.00000 392.31626 6.59987 -1.38129
238.01900 294.44504 71.00000 392.31626 6.59987 -1.38129
238.03500 294.44504 71.00000 392.31626 6.59987 -1.38129
238.05300 294.44504 71.00000 392.31626 6.59987 -1.38129
238.06900 294.44504 71.00000 392.31626 6.59987 -1.38129
238.08500 294.44504 71.00000 392.31626 6.59987 -1.38129
238.10200 294.44504 71.00000 392.31626 6.59987 -1.38129
238.11900 294.44504 71.00000 392.31626 6.59987 -1.38129
238.13500 294.44504 71.00000 392.31626 6.59987 -1.38129
238.15200 294.44504 71.00000 392.31626 6.59987 -1.38129
238.16900 294.44504 71.00000 392.31626 6.59987 -1.38129
238.18500 294.44504 71.00000 392.31626 6.59987 -1.38129
238.20200 294.44504 71.00000 392.31626 6.59987 -1.38129
238.21900 294.44504 71.00000 392.31626 6.59987 -1.38129
238.23500 294.44504 71.00000 392.31626 6.59987 -1.38129
238.25200 294.44504 71.00000 392.31626 6.59987 -1.38129
238.26900 294.44504 71.00000 392.31626 6.59987 -1.38129
238.28500 294.44504 71.00000 392.31626 6.59987 -1.38129
238.30200 294.44504 71.00000 392.31626 6.59987 -1.38129
238.31900 294.44504 71.00000 392.31626 6.59987 -1.38129
238.33500 294.44504 71.00000 392.31626 6.59987 -1.38129
238.35200 294.44504 71.00000 392.31626 6.59987 -1.38129
238.36900 294.44504 71.00000 392.31626 6.59987 -1.38129
238.38500 294.44504 71.00000 392.31626 6.59987 -1.38129
238.40200 294.44504 71.00000 392.31626 6.59987 -1.38129
238.42000 294.44504 71.00000 392.31626 6.59987 -1.38129
238.43500 294.44504 71.00000 392.31626 6.59987 -1.38129
238.45200 294.44504 71.00000 392.31626 6.59987 -1.38129
238.47000 294.44504 71.00000 392.31626 6.59987 -1.38129
238.48500 294.44504 71.00000 392.31626 6.59987 -1.38129
238.50200 294.44504 71.00000 392.31626 6.59987 -1.38129
238.51900 294.44504 71.00000 392.31626 6.59987 -1.38129
238.53500 294.44504 71.00000 392.31626 6.59987 -1.38129
238.55200 294.44504 71.00000 392.31626 6.59987 -1.38129
238.57000 294.44504 71.00000 392.31626 6.59987 -1.38129
238.58600 294.44504 71.00000 392.31626 6.59987 -1.38129
238.60200 294.44504 71.00000 392.31626 6.59987 -1.38129
238.61900 294.44504 71.00000 392.31626 6.59987 -1.38129
238.63600 294.44504 71.00000 392.31626 6.59987 -1.38129
238.65200 294.44504 71.00000 392.31626 6.59987 -1.38129
238.67000 294.44504 71.00000 392.31626 6.59987 -1.38129
238.68500 294.44504 71.00000 392.31626 6.59987 -1.38129
238.70200 294.44504 71.00000 392.31626 6.59987 -1.38129
238.71900 294.44504 71.00000 392.31626 6.59987 -1.38129
238.73600 294.44504 71.00000 392.31626 6.59987 -1.38129
238.75300 294.44504 71.00000 392.31626 6.59987 -1.38129
238.77000 294.46855 71.00000 392.31569 6.59987 -1.38129
238.78500 294.49990 71.00000 392.31494 6.59987 -1.38129
238.80300 294.53321 71.00000 392.31414 6.59987 -1.38129
238.81900 294.57936 71.00000 392.31333 6.59987 -1.38129
238.83600 294.62783 71.00000 392.31258 6.59987 -1.38129
238.85200 294.67932 71.00000 392.31178 6.59987 -1.38129
238.86900 294.71432 71.00000 392.31154 6.59987 -1.38129
238.88500 294.74078 71.00000 392.31154 6.59987 -1.38129
238.90200 294.76890 71.00000 392.31154 6.59987 -1.38129
238.91900 294.78801 71.00000 392.31154 6.59987 -1.38129
238.93500 294.80246 71.00000 392.31154 6.59987 -1.38129
238.95200 294.81781 71.00000 392.31154 6.59987 -1.38129
238.96900 294.82824 71.00000 392.31154 6.59987 -1.38129
238.98500 294.83613 71.00000 392.31154 6.59987 -1.38129
239.00200 294.84451 71.00000 392.31154 6.59987 -1.38129
239.01900 294.82670 71.00000 392.31211 6.59987 -1.38129
239.03500 294.79965 71.00000 392.31286 6.59987 -1.38129
239.05200 294.77092 71.00000 392.31366 6.59987 -1.38129
239.06900 294.72788 71.00000 392.31447 6.59987 -1.38129
239.08500 294.68176 71.00000 392.31522 6.59987 -1.38129
239.10200 294.63276 71.00000 392.31602 6.59987 -1.38129
239.11900 294.57596 71.00000 392.31682 6.59987 -1.38129
239.13500 294.51943 71.00000 392.31758 6.59987 -1.38129
239.15200 294.45936 71.00000 392.31838 6.59987 -1.38129
239.16900 294.39503 71.00000 392.31918 6.59987 -1.38129
239.18500 294.33282 71.00000 392.31994 6.59987 -1.38129
239.20200 294.26671 71.00000 392.32074 6.59987 -1.38129
239.21900 294.22179 71.00000 392.32097 6.59987 -1.38129
239.23500 294.18782 71.00000 392.32097 6.59987 -1.38129
239.25200 294.15173 71.00000 392.32097 6.59987 -1.38129
239.26900 294.12720 71.00000 392.32097 6.59987 -1.38129
239.28500 294.10865 71.00000 392.32097 6.59987 -1.38129
239.30200 294.08895 71.00000 392.32097 6.59987 -1.38129
239.31900 294.07499 71.00000 392.29746 6.59987 -1.38129
239.33600 294.06411 71.00000 392.26611 6.59987 -1.38129
239.36000 294.05255 71.00000 392.23280 6.59987 -1.38129
239.38500 294.03743 71.00000 392.13818 6.59987 -1.38129
239.40200 294.03031 71.00000 392.08669 6.59987 -1.38129
239.41900 294.02491 71.00000 392.02818 6.59987 -1.38129
239.43500 294.02050 71.00000 391.97036 6.59987 -1.38129
239.45200 294.01582 71.00000 391.90894 6.59987 -1.38129
239.46900 294.01207 71.00000 391.84368 6.59987 -1.38129
239.48700 294.00890 71.00000 391.78076 6.59987 -1.38129
239.50300 294.00554 71.00000 391.71391 6.59987 -1.38129
239.51900 294.00326 71.00000 391.66849 6.59987 -1.38129
239.53500 294.00153 71.00000 391.63413 6.59987 -1.38129
239.55200 293.99970 71.00000 391.59763 6.59987 -1.38129
239.56900 293.99916 71.00000 391.57283 6.59987 -1.38129
239.58500 293.99916 71.00000 391.55407 6.59987 -1.38129
239.60200 293.99916 71.00000 391.53414 6.59987 -1.38129
239.62200 293.99916 71.00000 391.51036 6.59987 -1.38129
239.65200 293.99916 71.00000 391.49948 6.59987 -1.38129
239.66900 293.99916 71.00000 391.49209 6.59987 -1.38129
239.68600 293.99916 71.00000 391.48649 6.59987 -1.38129
239.70200 293.99916 71.00000 391.48055 6.59987 -1.38129
239.71900 293.99972 71.00000 391.50003 6.59987 -1.38129
239.73500 294.00048 71.00000 391.52833 6.59987 -1.38129
239.75200 294.00128 71.00000 391.55839 6.59987 -1.38129
239.76900 294.01889 71.00000 391.59538 6.59987 -1.38129
239.78500 294.04205 71.00000 391.63291 6.59987 -1.38129
239.80200 294.06667 71.00000 391.67278 6.59987 -1.38129
239.81900 294.08396 71.00000 391.72339 6.59987 -1.38129
239.83700 294.09736 71.00000 391.77523 6.59987 -1.38129
239.85400 294.11160 71.00000 391.83031 6.59987 -1.38129
239.87100 294.12992 71.00000 391.95091 6.59987 -1.38129
239.90200 294.13849 71.00000 392.01429 6.59987 -1.38129
239.91900 294.14432 71.00000 392.05736 6.59987 -1.38129
239.93500 294.14873 71.00000 392.08993 6.59987 -1.38129
239.95300 294.15341 71.00000 392.12454 6.59987 -1.38129
239.96900 294.15660 71.00000 392.14806 6.59987 -1.38129
239.98500 294.15900 71.00000 392.16584 6.59987 -1.38129
240.00200 294.16156 71.00000 392.18474 6.59987 -1.38129
240.01900 294.16330 71.00000 392.19758 6.59987 -1.38129
240.03500 294.16461 71.00000 392.20729 6.59987 -1.38129
240.05200 294.16601 71.00000 392.21761 6.59987 -1.38129
240.06900 294.16642 71.00000 392.22462 6.59987 -1.38129
240.08500 294.16642 71.00000 392.22992 6.59987 -1.38129
240.10300 294.16642 71.00000 392.23555 6.59987 -1.38129
240.12000 294.16642 71.00000 392.23938 6.59987 -1.38129
240.13500 294.16642 71.00000 392.24228 6.59987 -1.38129
240.15300 294.16642 71.00000 392.24535 6.59987 -1.38129
240.16900 294.18993 71.00000 392.24688 6.59987 -1.38129
240.18500 294.22128 71.00000 392.24770 6.59987 -1.38129
240.20300 294.25459 71.00000 392.24858 6.59987 -1.38129
240.22000 294.27723 71.00000 392.24884 6.59987 -1.38129
240.23500 294.29435 71.00000 392.24884 6.59987 -1.38129
240.25200 294.31253 71.00000 392.24884 6.59987 -1.38129
240.26900 294.32489 71.00000 392.24884 6.59987 -1.38129
240.28500 294.33424 71.00000 392.24884 6.59987 -1.38129
240.30200 294.34417 71.00000 392.24884 6.59987 -1.38129
240.31900 294.35092 71.00000 392.24884 6.59987 -1.38129
240.33500 294.35602 71.00000 392.24884 6.59987 -1.38129
240.35200 294.36144 71.00000 392.24884 6.59987 -1.38129
240.36900 294.36513 71.00000 392.24884 6.59987 -1.38129
240.38500 294.36791 71.00000 392.24884 6.59987 -1.38129
240.40300 294.37087 71.00000 392.24884 6.59987 -1.38129
240.41900 294.37288 71.00000 392.24884 6.59987 -1.38129
240.43500 294.37440 71.00000 392.24884 6.59987 -1.38129
240.45200 294.37602 71.00000 392.24884 6.59987 -1.38129
240.46900 294.37650 71.00000 392.24884 6.59987 -1.38129
240.48600 294.37650 71.00000 392.24884 6.59987 -1.38129
240.50200 294.37650 71.00000 392.24884 6.59987 -1.38129
240.51900 294.37650 71.00000 392.24884 6.59987 -1.38129
240.53500 294.37650 71.00000 392.24884 6.59987 -1.38129
240.55200 294.37650 71.00000 392.24884 6.59987 -1.38129
240.56900 294.37650 71.00000 392.24884 6.59987 -1.38129
240.58500 294.37650 71.00000 392.24884 6.59987 -1.38129
240.60500 294.37650 71.00000 392.24884 6.59987 -1.38129
240.63500 294.37650 71.00000 392.24884 6.59987 -1.38129
240.65200 294.37650 71.00000 392.24884 6.59987 -1.38129
240.67000 294.37650 71.00000 392.24884 6.59987 -1.38129
240.68500 294.37650 71.00000 392.24884 6.59987 -1.38129
240.70300 294.37650 71.00000 392.24884 6.59987 -1.38129
240.72000 294.37650 71.00000 392.24884 6.59987 -1.38129
240.73500 294.37650 71.00000 392.24884 6.59987 -1.38129
240.75200 294.37650 71.00000 392.24884 6.59987 -1.38129
240.77000 294.37650 71.00000 392.24884 6.59987 -1.38129
240.78500 294.37650 71.00000 392.24884 6.59987 -1.38129
240.80200 294.37650 71.00000 392.24884 6.59987 -1.38129
240.81900 294.37650 71.00000 392.24884 6.59987 -1.38129
240.83500 294.37650 71.00000 392.24884 6.59987 -1.38129
240.85200 294.37650 71.00000 392.24884 6.59987 -1.38129
240.86900 294.37650 71.00000 392.24884 6.59987 -1.38129
240.88500 294.37650 71.00000 392.24884 6.59987 -1.38129
240.90200 294.37650 71.00000 392.24884 6.59987 -1.38129
240.91900 294.37650 71.00000 392.24884 6.59987 -1.38129
240.93500 294.37650 71.00000 392.24884 6.59987 -1.38129
240.95200 294.37650 71.00000 392.24884 6.59987 -1.38129
240.96900 294.37650 71.00000 392.24884 6.59987 -1.38129
240.98500 294.37650 71.00000 392.24884 6.59987 -1.38129
241.00200 294.37650 71.00000 392.24884 6.59987 -1.38129
241.01900 294.37650 71.00000 392.24884 6.59987 -1.38129
241.03500 294.37650 71.00000 392.24884 6.59987 -1.38129
241.05200 294.37650 71.00000 392.24884 6.59987 -1.38129
241.07000 294.37650 71.00000 392.24884 6.59987 -1.38129
241.08600 294.37650 71.00000 392.24884 6.59987 -1.38129
241.10200 294.37650 71.00000 392.24884 6.59987 -1.38129
241.12000 294.37650 71.00000 392.24884 6.59987 -1.38129
241.13500 294.37650 71.00000 392.24884 6.59987 -1.38129
241.15200 294.37650 71.00000 392.24884 6.59987 -1.38129
241.16900 294.37650 71.00000 392.24884 6.59987 -1.38129
241.18500 294.37650 71.00000 392.24884 6.59987 -1.38129
241.20200 294.37650 71.00000 392.24884 6.59987 -1.38129
241.21900 294.37650 71.00000 392.24884 6.59987 -1.38129
241.23500 294.37650 71.00000 392.24884 6.59987 -1.38129
241.25200 294.37650 71.00000 392.24884 6.59987 -1.38129
241.26900 294.37650 71.00000 392.24884 6.59987 -1.38129
241.28500 294.37650 71.00000 392.24884 6.59987 -1.38129
241.30200 294.37650 71.00000 392.24884 6.59987 -1.38129
241.31900 294.37650 71.00000 392.24884 6.59987 -1.38129
241.33500 294.37650 71.00000 392.24884 6.59987 -1.38129
241.35200 294.37650 71.00000 392.24884 6.59987 -1.38129
241.36900 294.37650 71.00000 392.24884 6.59987 -1.38129
241.38600 294.37650 71.00000 392.24884 6.59987 -1.38129
241.40200 294.37650 71.00000 392.24884 6.59987 -1.38129
241.41900 294.37650 71.00000 392.24884 6.59987 -1.38129
241.43500 294.37650 71.00000 392.24884 6.59987 -1.38129
241.45200 294.37650 71.00000 392.24884 6.59987 -1.38129
241.46900 294.37650 71.00000 392.24884 6.59987 -1.38129
241.48500 294.37650 71.00000 392.24884 6.59987 -1.38129
241.50200 294.37650 71.00000 392.24884 6.59987 -1.38129
241.51900 294.37650 71.00000 392.24884 6.59987 -1.38129
241.53500 294.37650 71.00000 392.24884 6.59987 -1.38129
241.55200 294.37650 71.00000 392.24884 6.59987 -1.38129
241.56900 294.37650 71.00000 392.24884 6.59987 -1.38129
241.58500 294.37650 71.00000 392.24884 6.59987 -1.38129
241.60200 294.37650 71.00000 392.24884 6.59987 -1.38129
241.61900 294.37650 71.00000 392.24884 6.59987 -1.38129
241.63400 294.37650 71.00000 392.24884 6.59987 -1.38129
241.65200 294.37650 71.00000 392.24884 6.59987 -1.38129
241.66800 294.37650 71.00000 392.24884 6.59987 -1.38129
241.68400 294.37650 71.00000 392.24884 6.59987 -1.38129
241.70100 294.37650 71.00000 392.24884 6.59987 -1.38129
241.71900 294.37650 71.00000 392.24884 6.59987 -1.38129
241.73600 294.37650 71.00000 392.24884 6.59987 -1.38129
241.75100 294.37650 71.00000 392.24884 6.59987 -1.38129
241.76900 294.37650 71.00000 392.24884 6.59987 -1.38129
241.78400 294.37650 71.00000 392.24884 6.59987 -1.38129
241.80200 294.37650 71.00000 392.24884 6.59987 -1.38129
241.81900 294.37650 71.00000 392.24884 6.59987 -1.38129
241.83400 294.37650 71.00000 392.24884 6.59987 -1.38129
241.85200 294.37650 71.00000 392.24884 6.59987 -1.38129
241.86800 294.37650 71.00000 392.24884 6.59987 -1.38129
241.88500 294.37650 71.00000 392.24884 6.59987 -1.38129
241.90300 294.37650 71.00000 392.24884 6.59987 -1.38129
241.91900 294.37650 71.00000 392.24884 6.59987 -1.38129
241.93600 294.37650 71.00000 392.24884 6.59987 -1.38129
241.95200 294.37650 71.00000 392.24884 6.59987 -1.38129
241.96900 294.37650 71.00000 392.24884 6.59987 -1.38129
241.98500 294.37650 71.00000 392.24884 6.59987 -1.38129
242.00200 294.37650 71.00000 392.24884 6.59987 -1.38129
242.01900 294.37650 71.00000 392.24884 6.59987 -1.38129
242.04300 294.37650 71.00000 392.24884 6.59987 -1.38129
242.07000 294.37650 71.00000 392.24884 6.59987 -1.38129
242.08500 294.37650 71.00000 392.24884 6.59987 -1.38129
242.10300 294.37650 71.00000 392.24884 6.59987 -1.38129
242.11900 294.37650 71.00000 392.24884 6.59987 -1.38129
242.13600 294.37650 71.00000 392.24884 6.59987 -1.38129
242.15500 294.37650 71.00000 392.24884 6.59987 -1.38129
242.18500 294.37650 71.00000 392.24884 6.59987 -1.38129
242.20100 294.37650 71.00000 392.24884 6.59987 -1.38129
242.21900 294.37650 71.00000 392.24884 6.59987 -1.38129
242.23400 294.37650 71.00000 392.24884 6.59987 -1.38129
242.25200 294.37650 71.00000 392.24884 6.59987 -1.38129
242.27000 294.37650 71.00000 392.24884 6.59987 -1.38129
242.28600 294.37650 71.00000 392.24884 6.59987 -1.38129
242.30300 294.37650 71.00000 392.24884 6.59987 -1.38129
242.31900 294.37650 71.00000 392.24884 6.59987 -1.38129
242.33500 294.37650 71.00000 392.24884 6.59987 -1.38129
242.35200 294.37650 71.00000 392.24884 6.59987 -1.38129
242.36900 294.37650 71.00000 392.24884 6.59987 -1.38129
242.38400 294.37650 71.00000 392.24884 6.59987 -1.38129
242.40100 294.37650 71.00000 392.24884 6.59987 -1.38129
242.42100 294.37650 71.00000 392.24884 6.59987 -1.38129
