47.84400 294.58885 71.00000 406.43543 3.89974 0.23740
47.90700 294.58884 71.00000 406.43542 3.89974 0.23740
47.92800 294.58885 71.00000 406.43543 3.89974 0.23740
47.95800 294.58884 71.00000 406.43542 3.89974 0.23740
47.97600 294.58885 71.00000 406.43543 3.89974 0.23740
48.00700 294.58884 71.00000 406.43542 3.89974 0.23740
48.02300 294.58885 71.00000 406.43543 3.89974 0.23740
48.03900 294.58885 71.00000 406.43543 3.89974 0.23740
48.05700 294.58884 71.00000 406.43542 3.89974 0.23740
48.07300 294.58885 71.00000 406.43543 3.89974 0.23740
48.08900 294.58885 71.00000 406.43543 3.89974 0.23740
48.10700 294.58884 71.00000 406.43542 3.89974 0.23740
48.12400 294.58885 71.00000 406.43543 3.89974 0.23740
48.14000 294.58885 71.00000 406.43543 3.89974 0.23740
48.15800 294.58884 71.00000 406.43542 4.04974 0.08740
48.17400 294.58885 71.00000 406.43543 4.04974 -0.06259
48.18900 294.58885 71.00000 406.43543 4.19974 -0.21259
48.20700 294.58884 71.00000 406.43542 4.19974 -0.21259
48.22400 294.58885 71.00000 406.43543 4.19974 -0.36258
48.24000 294.58885 71.00000 406.43543 4.34974 -0.51257
48.25800 294.58884 71.00000 406.43542 4.34974 -0.51257
48.27400 294.58885 71.00000 406.43543 4.34974 -0.51257
48.29000 294.58885 71.00000 406.43543 4.49974 -0.51257
48.30700 294.58884 71.00000 406.43542 4.49974 -0.51257
48.32400 294.58885 71.00000 406.43543 4.49974 -0.66257
48.34000 294.58885 71.00000 406.43543 4.34974 -1.26257
48.35700 294.58884 71.00000 406.43542 4.34974 -1.26257
48.37400 294.58885 71.00000 406.43543 4.34974 -1.26257
48.38900 294.58885 71.00000 406.43543 4.34974 -1.26257
48.40700 294.58884 71.00000 406.43542 4.34974 -1.26257
48.42300 294.58885 71.00000 406.43543 4.34974 -1.26257
48.43900 294.58885 71.00000 406.43543 4.34974 -1.26257
48.45700 294.58884 71.00000 406.43542 4.34974 -1.26257
48.47300 294.58885 71.00000 406.43543 4.34974 -1.26257
48.49000 294.58885 71.00000 406.43543 4.34974 -1.26257
48.50600 294.58884 71.00000 406.43542 4.34974 -1.26257
48.52300 294.58885 71.00000 406.43543 4.34974 -1.26257
48.53900 294.58885 71.00000 406.43543 4.34974 -1.26257
48.55700 294.58884 71.00000 406.43542 4.34974 -1.26257
48.57400 294.58885 71.00000 406.43543 4.34974 -1.26257
48.59000 294.58885 71.00000 406.43543 4.34974 -1.26257
48.60700 294.58884 71.00000 406.43542 4.34974 -1.26257
48.62400 294.58885 71.00000 406.43543 4.34974 -1.26257
48.63900 294.58885 71.00000 406.43543 4.34974 -1.26257
48.65700 294.58884 71.00000 406.43542 4.34974 -1.26257
48.67300 294.58885 71.00000 406.43543 4.34974 -1.26257
48.69000 294.58885 71.00000 406.43543 4.34974 -1.26257
48.70700 294.58884 71.00000 406.43542 4.34974 -1.26257
48.72400 294.58885 71.00000 406.43543 4.34974 -1.26257
48.73900 294.58885 71.00000 406.43543 4.34974 -0.66257
48.75700 294.58884 71.00000 406.43542 4.19974 -1.71255
48.77300 294.58885 71.00000 406.43543 4.04974 -1.71255
48.78900 294.58885 71.00000 406.43543 3.89974 -1.56256
48.80600 294.58884 71.00000 406.43542 3.74974 -1.41257
48.82300 294.58885 71.00000 406.43543 3.59974 -1.41257
48.84000 294.58885 71.00000 406.43543 3.59974 -1.41257
48.85700 294.58884 71.00000 406.43542 3.59974 -1.41257
48.87400 294.58885 71.00000 406.43543 3.59974 -1.41257
48.88900 294.58885 71.00000 406.43543 3.59974 -1.41257
48.90800 294.58884 71.00000 406.43542 3.59974 -1.41257
48.92500 294.58885 71.00000 406.43543 3.59974 -1.41257
48.96000 294.58885 71.00000 406.43543 3.59974 -1.41257
48.98900 294.58885 71.00000 406.43543 3.59974 -1.41257
49.00600 294.58884 71.00000 406.43542 3.59974 -1.41257
49.02400 294.58885 71.00000 406.43543 3.59974 -1.41257
49.03900 294.58885 71.00000 406.43543 3.59974 -1.41257
49.05800 294.58884 71.00000 406.43542 3.59974 -1.41257
49.07400 294.58885 71.00000 406.43543 3.59974 -1.41257
49.09000 294.58885 71.00000 406.43543 3.59974 -1.41257
49.10700 294.58884 71.00000 406.43542 3.59974 -1.41257
49.12300 294.58885 71.00000 406.43543 3.59974 -1.41257
49.13900 294.58885 71.00000 406.43543 3.59974 -1.41257
49.15600 294.58884 71.00000 406.43542 3.59974 -1.41257
49.17300 294.58885 71.00000 406.43543 3.59974 -1.41257
49.18900 294.58885 71.00000 406.43543 3.59974 -1.41257
49.20700 294.58884 71.00000 406.43542 3.59974 -1.41257
49.22300 294.58885 71.00000 406.43543 3.59974 -1.41257
49.24000 294.58885 71.00000 406.43543 3.59974 -1.41257
49.25700 294.58884 71.00000 406.43542 3.59974 -1.41257
49.27400 294.58885 71.00000 406.43543 3.59974 -1.41257
49.29000 294.58885 71.00000 406.43543 3.59974 -1.41257
49.30700 294.58884 71.00000 406.43542 3.59974 -1.41257
49.32400 294.58885 71.00000 406.43543 3.59974 -1.41257
49.33900 294.58885 71.00000 406.43543 3.59974 -1.41257
49.35700 294.58884 71.00000 406.43542 3.59974 -1.41257
49.37400 294.58885 71.00000 406.43543 3.59974 -1.41257
49.39000 294.58885 71.00000 406.43543 3.59974 -1.41257
49.40700 294.58884 71.00000 406.43542 3.59974 -1.41257
49.42300 294.58885 71.00000 406.43543 3.59974 -1.41257
49.43900 294.58885 71.00000 406.43543 3.59974 -1.41257
49.45700 294.58884 71.00000 406.43542 3.59974 -1.41257
49.47400 294.58885 71.00000 406.43543 3.59974 -1.41257
49.48900 294.58885 71.00000 406.43543 3.59974 -1.41257
49.50600 294.58884 71.00000 406.43542 3.59974 -1.41257
49.52400 294.58885 71.00000 406.43543 3.59974 -1.41257
49.53900 294.58885 71.00000 406.43543 3.59974 -1.41257
49.55700 294.58884 71.00000 406.43542 3.59974 -1.41257
49.57300 294.58885 71.00000 406.43543 3.59974 -1.41257
49.58900 294.58885 71.00000 406.43543 3.59974 -1.41257
49.60700 294.58884 71.00000 406.43542 3.59974 -1.41257
49.62300 294.58885 71.00000 406.43543 3.59974 -1.41257
49.63900 294.58885 71.00000 406.43543 3.59974 -1.41257
49.65700 294.58884 71.00000 406.43542 3.59974 -1.41257
49.67300 294.58885 71.00000 406.43543 3.59974 -1.41257
49.68900 294.58885 71.00000 406.43543 3.59974 -1.41257
49.70700 294.58884 71.00000 406.43542 3.59974 -1.41257
49.72300 294.58885 71.00000 406.43543 3.59974 -1.41257
49.73900 294.58885 71.00000 406.43543 3.59974 -1.41257
49.75700 294.58884 71.00000 406.43542 3.59974 -1.41257
49.77300 294.58885 71.00000 406.43543 3.59974 -1.41257
49.79000 294.58885 71.00000 406.43543 3.59974 -1.41257
49.80700 294.58884 71.00000 406.43542 3.59974 -1.41257
49.82300 294.58885 71.00000 406.43543 3.59974 -1.41257
49.84000 294.58885 71.00000 406.43543 3.59974 -1.41257
49.85700 294.58884 71.00000 406.43542 3.59974 -1.41257
49.87400 294.58885 71.00000 406.43543 3.59974 -1.41257
49.89000 294.58885 71.00000 406.43543 3.59974 -1.41257
49.90700 294.58884 71.00000 406.43542 3.59974 -1.41257
49.92400 294.58885 71.00000 406.43543 3.59974 -1.41257
49.94100 294.58885 71.00000 406.43543 3.59974 -1.41257
49.95700 294.58884 71.00000 406.43542 3.59974 -1.41257
49.97400 294.58885 71.00000 406.43543 3.59974 -1.41257
49.98900 294.58885 71.00000 406.43543 3.59974 -1.41257
50.00600 294.58884 71.00000 406.43542 3.59974 -1.41257
50.02400 294.58885 71.00000 406.43543 3.59974 -1.41257
50.03900 294.58885 71.00000 406.43543 3.59974 -1.41257
50.05600 294.58884 71.00000 406.43542 3.59974 -1.41257
50.07300 294.58885 71.00000 406.43543 3.59974 -1.41257
50.09200 294.58885 71.00000 406.43543 3.59974 -1.41257
50.12300 294.58885 71.00000 406.43543 3.59974 -1.41257
50.14000 294.58885 71.00000 406.43543 3.59974 -1.41257
50.15700 294.58884 71.00000 406.43542 3.59974 -1.41257
50.17400 294.58885 71.00000 406.43543 3.59974 -1.41257
50.18900 294.58885 71.00000 406.43543 3.59974 -1.41257
50.20700 294.58884 71.00000 406.43542 3.59974 -1.41257
50.22400 294.58885 71.00000 406.43543 3.59974 -1.41257
50.24000 294.58885 71.00000 406.43543 3.59974 -1.41257
50.25700 294.58884 71.00000 406.43542 3.59974 -1.41257
50.27400 294.58885 71.00000 406.43543 3.59974 -1.41257
50.29000 294.58885 71.00000 406.43543 3.59974 -1.41257
50.30700 294.58884 71.00000 406.43542 3.59974 -1.41257
50.32300 294.58885 71.00000 406.43543 3.59974 -1.41257
50.33900 294.58885 71.00000 406.43543 3.59974 -1.41257
50.35700 294.58884 71.00000 406.43542 3.59974 -1.41257
50.37300 294.58885 71.00000 406.43543 3.59974 -1.41257
50.38900 294.58885 71.00000 406.43543 3.59974 -1.41257
50.40600 294.58884 71.00000 406.43542 3.59974 -1.41257
50.42300 294.58885 71.00000 406.43543 3.59974 -1.41257
50.43900 294.58885 71.00000 406.43543 3.59974 -1.41257
50.45700 294.58884 71.00000 406.43542 3.59974 -1.41257
50.47300 294.58885 71.00000 406.43543 3.59974 -1.41257
50.48900 294.58885 71.00000 406.43543 3.59974 -1.41257
50.50600 294.58884 71.00000 406.43542 3.59974 -1.41257
50.52300 294.58885 71.00000 406.43543 3.59974 -1.41257
50.54000 294.58885 71.00000 406.43543 3.59974 -1.41257
50.55700 294.58884 71.00000 406.43542 3.59974 -1.41257
50.57400 294.58885 71.00000 406.43543 3.59974 -1.41257
50.59100 294.58885 71.00000 406.43543 3.59974 -1.41257
50.60900 294.58885 71.00000 406.43543 3.59974 -1.41257
50.63900 294.58885 71.00000 406.43543 3.59974 -1.41257
50.65700 294.58884 71.00000 406.43542 3.59974 -1.41257
50.67300 294.58885 71.00000 406.43543 3.59974 -1.41257
50.68900 294.58885 71.00000 406.43543 3.59974 -1.41257
50.71300 294.58885 71.00000 406.43543 3.59974 -1.41257
50.73900 294.58885 71.00000 406.43543 3.59974 -1.41257
50.75600 294.58884 71.00000 406.43542 3.59974 -1.41257
50.77300 294.58885 71.00000 406.43543 3.59974 -1.41257
50.78900 294.58885 71.00000 406.43543 3.59974 -1.41257
50.80600 294.58884 71.00000 406.43542 3.59974 -1.41257
50.82300 294.58885 71.00000 406.43543 3.59974 -1.41257
50.83900 294.58885 71.00000 406.43543 3.59974 -1.41257
50.85600 294.58884 71.00000 406.43542 3.59974 -1.41257
50.87300 294.58885 71.00000 406.43543 3.59974 -1.41257
50.88900 294.58885 71.00000 406.43543 3.59974 -1.41257
50.90600 294.58884 71.00000 406.43542 3.59974 -1.41257
50.92300 294.58885 71.00000 406.43543 3.59974 -1.41257
50.93900 294.58885 71.00000 406.43543 3.59974 -1.41257
50.95700 294.58884 71.00000 406.43542 3.59974 -1.41257
50.97300 294.58885 71.00000 406.43543 3.59974 -1.41257
50.99200 294.58885 71.00000 406.43543 3.59974 -1.41257
51.02300 294.58885 71.00000 406.43543 3.59974 -1.41257
51.03900 294.58885 71.00000 406.43543 3.59974 -1.41257
51.05600 294.58884 71.00000 406.43542 3.59974 -1.41257
51.07300 294.58885 71.00000 406.43543 3.59974 -1.41257
51.08900 294.58885 71.00000 406.43543 3.59974 -1.41257
51.10700 294.58884 71.00000 406.43542 3.44974 -1.26257
51.12300 294.58885 71.00000 406.43543 3.44974 -1.11258
51.13900 294.58885 71.00000 406.43543 3.29974 -0.96259
51.15700 294.58884 71.00000 406.43542 3.29974 -0.96259
51.17300 294.58885 71.00000 406.43543 3.29974 -0.96259
51.18900 294.58885 71.00000 406.43543 3.29974 -0.96259
51.20700 294.58884 71.00000 406.43542 3.29974 -0.96259
51.22400 294.58885 71.00000 406.43543 3.29974 -0.96259
51.23900 294.58885 71.00000 406.43543 3.29974 -0.96259
51.25600 294.58884 71.00000 406.43542 3.29974 -0.96259
51.27300 294.58885 71.00000 406.43543 3.29974 -0.96259
51.28900 294.58885 71.00000 406.43543 3.29974 -0.96259
51.30600 294.58884 71.00000 406.43542 3.29974 -0.96259
51.32300 294.58885 71.00000 406.43543 3.29974 -0.96259
51.33900 294.58885 71.00000 406.43543 3.29974 -0.96259
51.35600 294.58884 71.00000 406.43542 3.29974 -0.96259
51.37300 294.58885 71.00000 406.43543 3.29974 -0.96259
51.38900 294.58885 71.00000 406.43543 3.29974 -0.96259
51.40600 294.58884 71.00000 406.43542 3.29974 -0.96259
51.42300 294.58885 71.00000 406.43543 3.29974 -0.96259
51.43900 294.58885 71.00000 406.43543 3.29974 -0.96259
51.45600 294.58884 71.00000 406.43542 3.29974 -0.96259
51.47600 294.58885 71.00000 406.43543 3.29974 -0.96259
51.50600 294.58884 71.00000 406.43542 3.29974 -0.96259
51.52300 294.58885 71.00000 406.43543 3.29974 -0.96259
51.53900 294.58885 71.00000 406.43543 3.29974 -0.96259
51.55600 294.58884 71.00000 406.43542 3.29974 -0.96259
51.57300 294.58885 71.00000 406.43543 3.29974 -0.96259
51.58900 294.58885 71.00000 406.43543 3.29974 -0.96259
51.60600 294.58884 71.00000 406.43542 3.29974 -0.96259
51.62300 294.58885 71.00000 406.43543 3.29974 -0.96259
51.63900 294.58885 71.00000 406.43543 3.29974 -0.96259
51.65600 294.58884 71.00000 406.43542 3.29974 -0.96259
51.67300 294.58885 71.00000 406.43543 3.29974 -0.96259
51.68900 294.58885 71.00000 406.43543 3.29974 -0.96259
51.70700 294.58884 71.00000 406.43542 3.29974 -0.96259
51.72400 294.58885 71.00000 406.43543 3.29974 -0.96259
51.73900 294.58885 71.00000 406.43543 3.29974 -0.96259
51.75600 294.58884 71.00000 406.43542 3.29974 -0.96259
51.77300 294.58885 71.00000 406.43543 3.29974 -0.96259
51.78900 294.58885 71.00000 406.43543 3.29974 -0.96259
51.80600 294.58884 71.00000 406.43542 3.29974 -0.96259
51.82300 294.58885 71.00000 406.43543 3.29974 -0.96259
51.83900 294.58885 71.00000 406.43543 3.29974 -0.96259
51.85600 294.58884 71.00000 406.43542 3.29974 -0.96259
51.87300 294.58885 71.00000 406.43543 3.29974 -0.96259
51.88900 294.58885 71.00000 406.43543 3.29974 -0.96259
51.90600 294.58884 71.00000 406.43542 3.29974 -0.96259
51.92300 294.58885 71.00000 406.43543 3.29974 -0.96259
51.93900 294.58885 71.00000 406.43543 3.29974 -0.96259
51.95600 294.58884 71.00000 406.43542 3.29974 -0.96259
51.97700 294.58885 71.00000 406.43543 3.29974 -0.96259
52.00600 294.58884 71.00000 406.43542 3.29974 -0.96259
52.02300 294.58885 71.00000 406.43543 3.29974 -0.96259
52.03900 294.58885 71.00000 406.43543 3.29974 -0.96259
52.05600 294.58884 71.00000 406.43542 3.29974 -0.96259
52.07400 294.58885 71.00000 406.43543 3.29974 -0.96259
52.08900 294.58885 71.00000 406.43543 3.29974 -0.96259
52.10700 294.58884 71.00000 406.43542 3.29974 -0.96259
52.12300 294.58885 71.00000 406.43543 3.29974 -0.96259
52.13900 294.58885 71.00000 406.43543 3.29974 -0.96259
52.15600 294.58884 71.00000 406.43542 3.29974 -0.96259
52.17300 294.58885 71.00000 406.43543 3.29974 -0.96259
52.19000 294.58885 71.00000 406.43543 3.29974 -0.96259
52.20700 294.58884 71.00000 406.43542 3.29974 -0.96259
52.22400 294.58885 71.00000 406.43543 3.29974 -0.96259
52.24000 294.58885 71.00000 406.43543 3.29974 -0.96259
52.25700 294.58884 71.00000 406.43542 3.29974 -0.96259
52.27400 294.58885 71.00000 406.43543 3.29974 -0.96259
52.29000 294.58885 71.00000 406.43543 3.29974 -0.96259
52.30600 294.58884 71.00000 406.43542 3.29974 -0.96259
52.32400 294.58885 71.00000 406.43543 3.29974 -0.96259
52.33900 294.58885 71.00000 406.43543 3.29974 -0.96259
52.35600 294.58884 71.00000 406.43542 3.29974 -0.96259
52.37300 294.58885 71.00000 406.43543 3.29974 -0.96259
52.38900 294.58885 71.00000 406.43543 3.29974 -0.96259
52.40600 294.58884 71.00000 406.43542 3.29974 -0.96259
52.42300 294.58885 71.00000 406.43543 3.29974 -0.96259
52.43900 294.58885 71.00000 406.43543 3.29974 -0.96259
52.45600 294.58884 71.00000 406.43542 3.29974 -0.96259
52.47300 294.58885 71.00000 406.43543 3.29974 -0.96259
52.48900 294.58885 71.00000 406.43543 3.29974 -0.96259
52.50600 294.58884 71.00000 406.43542 3.29974 -0.96259
52.52300 294.58885 71.00000 406.43543 3.29974 -0.96259
52.53900 294.58885 71.00000 406.43543 3.29974 -0.96259
52.55600 294.58884 71.00000 406.43542 3.29974 -0.96259
52.57300 294.58885 71.00000 406.43543 3.29974 -0.96259
52.58900 294.58885 71.00000 406.43543 3.29974 -0.96259
52.60600 294.58884 71.00000 406.43542 3.29974 -0.96259
52.62300 294.58885 71.00000 406.43543 3.29974 -0.96259
52.63900 294.58885 71.00000 406.43543 3.29974 -0.96259
52.65600 294.58884 71.00000 406.43542 3.29974 -0.96259
52.67300 294.58885 71.00000 406.43543 3.29974 -0.96259
52.68900 294.58885 71.00000 406.43543 3.29974 -0.96259
52.70600 294.58884 71.00000 406.43542 3.29974 -0.96259
52.72400 294.58885 71.00000 406.43543 3.29974 -0.96259
52.73900 294.58885 71.00000 406.43543 3.29974 -0.96259
52.75600 294.58884 71.00000 406.43542 3.29974 -0.96259
52.77300 294.58885 71.00000 406.43543 3.29974 -0.96259
52.78900 294.58885 71.00000 406.43543 3.29974 -0.96259
52.80600 294.58884 71.00000 406.43542 3.29974 -0.96259
52.82300 294.58885 71.00000 406.43543 3.29974 -0.96259
52.83900 294.58885 71.00000 406.43543 3.29974 -0.96259
52.85600 294.58884 71.00000 406.43542 3.29974 -0.96259
52.87300 294.58885 71.00000 406.43543 3.29974 -0.96259
52.88900 294.58885 71.00000 406.43543 3.29974 -0.96259
52.90600 294.58884 71.00000 406.43542 3.29974 -0.96259
52.92300 294.58885 71.00000 406.43543 3.29974 -0.96259
52.93900 294.58885 71.00000 406.43543 3.29974 -0.96259
52.95600 294.58884 71.00000 406.43542 3.29974 -0.96259
52.97300 294.58885 71.00000 406.43543 3.29974 -0.96259
52.98900 294.58885 71.00000 406.43543 3.29974 -0.96259
53.00600 294.58884 71.00000 406.43542 3.29974 -0.96259
53.02300 294.58885 71.00000 406.43543 3.29974 -0.96259
53.03900 294.58885 71.00000 406.43543 3.29974 -0.96259
53.05600 294.58884 71.00000 406.43542 3.29974 -0.96259
53.07300 294.58885 71.00000 406.43543 3.29974 -0.96259
53.08900 294.58885 71.00000 406.43543 3.29974 -0.96259
53.10700 294.58884 71.00000 406.43542 3.29974 -0.96259
53.12300 294.58885 71.00000 406.43543 3.29974 -0.96259
53.14000 294.58885 71.00000 406.43543 3.29974 -0.96259
53.15600 294.58884 71.00000 406.43542 3.29974 -0.96259
53.17300 294.58885 71.00000 406.43543 3.29974 -0.96259
53.19000 294.58885 71.00000 406.43543 3.29974 -0.96259
53.20700 294.58884 71.00000 406.43542 3.29974 -0.96259
53.22300 294.58885 71.00000 406.43543 3.29974 -0.96259
53.24000 294.58885 71.00000 406.43543 3.29974 -0.96259
53.25600 294.58884 71.00000 406.43542 3.29974 -0.96259
53.27300 294.58885 71.00000 406.43543 3.29974 -0.96259
53.28900 294.58885 71.00000 406.43543 3.29974 -0.96259
53.30600 294.58884 71.00000 406.43542 3.29974 -0.96259
53.32300 294.58885 71.00000 406.43543 3.29974 -0.96259
53.33900 294.58885 71.00000 406.43543 3.29974 -0.96259
53.35600 294.58884 71.00000 406.43542 3.29974 -0.96259
53.37300 294.58885 71.00000 406.43543 3.29974 -0.96259
53.38900 294.58885 71.00000 406.43543 3.29974 -0.96259
53.40600 294.58884 71.00000 406.43542 3.29974 -0.96259
53.42300 294.58885 71.00000 406.43543 3.29974 -0.96259
53.43900 294.58885 71.00000 406.43543 3.29974 -0.96259
53.45600 294.58884 71.00000 406.43542 3.29974 -0.96259
53.47300 294.58885 71.00000 406.43543 3.29974 -0.96259
53.49000 294.58885 71.00000 406.43543 3.29974 -0.96259
53.50600 294.58884 71.00000 406.43542 3.29974 -0.96259
53.52300 294.58885 71.00000 406.43543 3.29974 -0.96259
53.53900 294.58885 71.00000 406.43543 3.29974 -0.96259
53.55700 294.58884 71.00000 406.43542 3.29974 -0.96259
53.57300 294.58885 71.00000 406.43543 3.29974 -0.96259
53.59000 294.58885 71.00000 406.43543 3.29974 -0.96259
53.60700 294.58884 71.00000 406.43542 3.29974 -0.96259
53.62400 294.58885 71.00000 406.43543 3.29974 -0.96259
53.64000 294.58885 71.00000 406.43543 3.29974 -0.96259
53.65700 294.58884 71.00000 406.43542 3.29974 -0.96259
53.67400 294.58885 71.00000 406.43543 3.29974 -0.96259
53.68900 294.58885 71.00000 406.43543 3.29974 -0.96259
53.70700 294.58884 71.00000 406.43542 3.29974 -0.96259
53.72300 294.58885 71.00000 406.43543 3.29974 -0.96259
53.73900 294.58885 71.00000 406.43543 3.29974 -0.96259
53.75700 294.58884 71.00000 406.43542 3.29974 -0.96259
53.77300 294.58885 71.00000 406.43543 3.29974 -0.96259
53.78900 294.58885 71.00000 406.43543 3.29974 -0.96259
53.80600 294.58884 71.00000 406.43542 3.29974 -0.96259
53.82300 294.58885 71.00000 406.43543 3.29974 -0.96259
53.83900 294.58885 71.00000 406.43543 3.29974 -0.96259
53.85600 294.58884 71.00000 406.43542 3.29974 -0.96259
53.87300 294.58885 71.00000 406.43543 3.29974 -0.96259
53.88900 294.58885 71.00000 406.43543 3.29974 -0.96259
53.90700 294.58884 71.00000 406.43542 3.29974 -0.96259
53.92300 294.58885 71.00000 406.43543 3.29974 -0.96259
53.93900 294.58885 71.00000 406.43543 3.29974 -0.96259
53.95700 294.58884 71.00000 406.43542 3.29974 -0.96259
53.97400 294.58885 71.00000 406.43543 3.29974 -0.96259
53.99000 294.58885 71.00000 406.43543 3.29974 -0.96259
54.00600 294.58884 71.00000 406.43542 3.29974 -0.96259
54.02300 294.58885 71.00000 406.43543 3.29974 -0.96259
54.03900 294.58885 71.00000 406.43543 3.29974 -0.96259
54.05600 294.58884 71.00000 406.43542 3.29974 -0.96259
54.07300 294.58885 71.00000 406.43543 3.29974 -0.96259
54.08900 294.58885 71.00000 406.43543 3.29974 -0.96259
54.10600 294.58884 71.00000 406.43542 3.29974 -0.96259
54.12300 294.58885 71.00000 406.43543 3.29974 -0.96259
54.13900 294.58885 71.00000 406.43543 3.29974 -0.96259
54.15600 294.58884 71.00000 406.43542 3.29974 -0.96259
54.17300 294.58885 71.00000 406.43543 3.29974 -0.96259
54.18900 294.58885 71.00000 406.43543 3.29974 -0.96259
54.20700 294.58884 71.00000 406.43542 3.29974 -0.96259
54.22300 294.58885 71.00000 406.43543 3.29974 -0.96259
54.23900 294.58885 71.00000 406.43543 3.29974 -0.96259
54.25600 294.58884 71.00000 406.43542 3.29974 -0.96259
54.27400 294.58885 71.00000 406.43543 3.29974 -0.96259
54.28900 294.58885 71.00000 406.43543 3.29974 -0.96259
54.30600 294.58884 71.00000 406.43542 3.29974 -0.96259
54.32400 294.58885 71.00000 406.43543 3.29974 -0.96259
54.33900 294.58885 71.00000 406.43543 3.29974 -0.96259
54.35600 294.58884 71.00000 406.43542 3.29974 -0.96259
54.37300 294.58885 71.00000 406.43543 3.29974 -0.96259
54.39200 294.63000 71.00000 406.43473 3.29974 -0.96259
54.42300 294.66332 71.00000 406.43419 3.29974 -0.96259
54.43900 294.69896 71.00000 406.43366 3.29974 -0.96259
54.45700 294.75045 71.00000 406.43309 3.29974 -0.96259
54.47500 294.80197 71.00000 406.43254 3.29974 -0.96259
54.50700 294.87306 71.00000 406.43213 3.29974 -0.96259
54.52300 294.90119 71.00000 406.43215 3.29974 -0.96259
54.53900 294.92465 71.00000 406.43215 3.29974 -0.96259
54.55600 294.94000 71.00000 406.43213 3.29974 -0.96259
54.57300 294.95536 71.00000 406.43215 3.29974 -0.96259
54.58900 294.96817 71.00000 406.43215 3.29974 -0.96259
54.61300 294.98494 71.00000 406.43215 3.29974 -0.96259
54.63900 294.99193 71.00000 406.43215 3.29974 -0.96259
54.65600 294.99650 71.00000 406.43213 3.29974 -0.96259
54.67300 295.00109 71.00000 406.43215 3.29974 -0.96259
54.68900 295.00491 71.00000 406.43215 3.29974 -0.96259
54.70600 295.00740 71.00000 406.43213 3.29974 -0.96259
54.72300 295.00990 71.00000 406.43215 3.29974 -0.96259
54.74200 295.01335 71.00000 406.43213 3.29974 -0.96259
54.77300 295.01472 71.00000 406.43215 3.29974 -0.96259
54.78900 295.00784 71.00000 406.43228 3.29974 -0.96259
54.80600 294.97452 71.00000 406.43283 3.29974 -0.96259
54.82300 294.94121 71.00000 406.43340 3.29974 -0.96259
54.83900 294.90558 71.00000 406.43392 3.29974 -0.96259
54.85600 294.85406 71.00000 406.43447 3.29974 -0.96259
54.87400 294.80257 71.00000 406.43504 3.29974 -0.96259
54.88900 294.75959 71.00000 406.43543 3.29974 -0.96259
54.90700 294.73146 71.00000 406.43542 3.29974 -0.96259
54.92300 294.70335 71.00000 406.43543 3.29974 -0.96259
54.93900 294.67989 71.00000 406.43543 3.29974 -0.96259
54.95600 294.66452 71.00000 406.43542 3.29974 -0.96259
54.97300 294.64918 71.00000 406.43543 3.29974 -0.96259
54.98900 294.63636 71.00000 406.43543 3.29974 -0.96259
55.00700 294.62797 71.00000 406.43542 3.29974 -0.96259
55.02300 294.61960 71.00000 406.43543 3.29974 -0.96259
55.03900 294.61260 71.00000 406.43543 3.29974 -0.96259
55.05600 294.60802 71.00000 406.43542 3.29974 -0.96259
55.07300 294.60345 71.00000 406.43543 3.29974 -0.96259
55.08900 294.59963 71.00000 406.43543 3.29974 -0.96259
55.10600 294.59712 71.00000 406.43542 3.29974 -0.96259
55.12300 294.59463 71.00000 406.43543 3.29974 -0.96259
55.13900 294.59254 71.00000 406.43543 3.29974 -0.96259
55.15600 294.59117 71.00000 406.43542 3.29974 -0.96259
55.17300 294.58982 71.00000 406.43543 3.29974 -0.96259
55.18900 294.58898 71.00000 406.44327 3.29974 -0.96259
55.20600 294.58953 71.00000 406.47658 3.29974 -0.96259
55.22300 294.59010 71.00000 406.50990 3.29974 -0.96259
55.23900 294.59063 71.00000 406.54554 3.29974 -0.96259
55.25600 294.59118 71.00000 406.59703 3.29974 -0.96259
55.27300 294.59175 71.00000 406.64855 3.29974 -0.96259
55.28900 294.59214 71.00000 406.69153 3.29974 -0.96259
55.30600 294.59213 71.00000 406.71963 3.29974 -0.96259
55.32300 294.59214 71.00000 406.74777 3.29974 -0.96259
55.33900 294.59214 71.00000 406.77123 3.29974 -0.96259
55.35600 294.59213 71.00000 406.78658 3.29974 -0.96259
55.37300 294.59214 71.00000 406.80194 3.29974 -0.96259
55.38900 294.59214 71.00000 406.81475 3.29974 -0.96259
55.40600 294.59213 71.00000 406.82312 3.29974 -0.96259
55.42300 294.59214 71.00000 406.83152 3.29974 -0.96259
55.43900 294.59214 71.00000 406.83851 3.29974 -0.96259
55.45600 294.59213 71.00000 406.84308 3.29974 -0.96259
55.47300 294.59214 71.00000 406.84767 3.29974 -0.96259
55.48900 294.59214 71.00000 406.85149 3.29974 -0.96259
55.50600 294.59213 71.00000 406.85398 3.29974 -0.96259
55.52300 294.59214 71.00000 406.85649 3.29974 -0.96259
55.53900 294.59214 71.00000 406.85857 3.29974 -0.96259
55.55600 294.59213 71.00000 406.85993 3.29974 -0.96259
55.57300 294.59214 71.00000 406.86130 3.29974 -0.96259
55.58900 294.59214 71.00000 406.86227 3.29974 -0.96259
55.60600 294.59213 71.00000 406.86225 3.29974 -0.96259
55.62300 294.59214 71.00000 406.86227 3.29974 -0.96259
55.64000 294.59214 71.00000 406.86227 3.29974 -0.96259
55.65600 294.59213 71.00000 406.86225 3.29974 -0.96259
55.67300 294.59214 71.00000 406.86227 3.29974 -0.96259
55.69000 294.59214 71.00000 406.86227 3.29974 -0.96259
55.70700 294.59213 71.00000 406.86225 3.29974 -0.96259
55.72400 294.59214 71.00000 406.86227 3.29974 -0.96259
55.73900 294.59214 71.00000 406.86227 3.29974 -0.96259
55.75600 294.59213 71.00000 406.86225 3.29974 -0.96259
55.77300 294.59214 71.00000 406.86227 3.29974 -0.96259
55.78900 294.59214 71.00000 406.86227 3.29974 -0.96259
55.80600 294.59213 71.00000 406.86225 3.29974 -0.96259
55.82300 294.59214 71.00000 406.86227 3.29974 -0.96259
55.84100 294.59214 71.00000 406.86227 3.29974 -0.96259
55.85600 294.59213 71.00000 406.86225 3.29974 -0.96259
55.87300 294.59214 71.00000 406.86227 3.29974 -0.96259
55.88900 294.59214 71.00000 406.86227 3.29974 -0.96259
55.90600 294.59213 71.00000 406.86225 3.29974 -0.96259
55.92300 294.59214 71.00000 406.86227 3.29974 -0.96259
55.93900 294.59214 71.00000 406.86227 3.29974 -0.96259
55.95600 294.59213 71.00000 406.86225 3.29974 -0.96259
55.97600 294.59214 71.00000 406.86227 3.29974 -0.96259
56.00600 294.59213 71.00000 406.86225 3.29974 -0.96259
56.02300 294.59214 71.00000 406.86227 3.29974 -0.96259
56.04000 294.59214 71.00000 406.86227 3.29974 -0.96259
56.05700 294.59213 71.00000 406.86225 3.29974 -0.96259
56.07300 294.59214 71.00000 406.86227 3.29974 -0.96259
56.09000 294.59214 71.00000 406.86227 3.29974 -0.96259
56.10600 294.59213 71.00000 406.86225 3.29974 -0.96259
56.12300 294.59214 71.00000 406.86227 3.29974 -0.96259
56.14000 294.59214 71.00000 406.86227 3.29974 -0.96259
56.15600 294.59213 71.00000 406.86225 3.29974 -0.96259
56.17400 294.59214 71.00000 406.86227 3.29974 -0.96259
56.19000 294.59214 71.00000 406.86227 3.29974 -0.96259
56.20700 294.59213 71.00000 406.86225 3.29974 -0.96259
56.22300 294.59214 71.00000 406.86227 3.29974 -0.96259
56.24000 294.59214 71.00000 406.86227 3.29974 -0.96259
56.25600 294.59213 71.00000 406.86225 3.29974 -0.96259
56.27400 294.59214 71.00000 406.86227 3.29974 -0.96259
56.29000 294.59214 71.00000 406.86227 3.29974 -0.96259
56.30700 294.59213 71.00000 406.86225 3.29974 -0.96259
56.32300 294.59214 71.00000 406.86227 3.29974 -0.96259
56.34000 294.59214 71.00000 406.86227 3.29974 -0.96259
56.35600 294.59213 71.00000 406.86225 3.29974 -0.96259
56.37300 294.59214 71.00000 406.86227 3.29974 -0.96259
56.38900 294.59214 71.00000 406.86227 3.29974 -0.96259
56.40600 294.59213 71.00000 406.86225 3.29974 -0.96259
56.42300 294.59214 71.00000 406.86227 3.29974 -0.96259
56.43900 294.59214 71.00000 406.86227 3.29974 -0.96259
56.45600 294.59213 71.00000 406.86225 3.29974 -0.96259
56.47400 294.59214 71.00000 406.86227 3.29974 -0.96259
56.48900 294.59214 71.00000 406.86227 3.29974 -0.96259
56.50600 294.59213 71.00000 406.86225 3.29974 -0.96259
56.52300 294.59214 71.00000 406.86227 3.29974 -0.96259
56.53900 294.59214 71.00000 406.86227 3.29974 -0.96259
56.55600 294.59213 71.00000 406.86225 3.29974 -0.96259
56.57300 294.59214 71.00000 406.86227 3.29974 -0.96259
56.59000 294.59214 71.00000 406.86227 3.29974 -0.96259
56.60600 294.59213 71.00000 406.86225 3.29974 -0.96259
56.62300 294.59214 71.00000 406.86227 3.29974 -0.96259
56.63900 294.59214 71.00000 406.86227 3.29974 -0.96259
56.65600 294.59213 71.00000 406.86225 3.29974 -0.96259
56.67300 294.59214 71.00000 406.86227 3.29974 -0.96259
56.68900 294.59214 71.00000 406.86227 3.29974 -0.96259
56.70600 294.59213 71.00000 406.86225 3.29974 -0.96259
56.72300 294.59214 71.00000 406.86227 3.29974 -0.96259
56.73900 294.59214 71.00000 406.86227 3.29974 -0.96259
56.75700 294.59213 71.00000 406.86225 3.29974 -0.96259
56.77300 294.59214 71.00000 406.86227 3.29974 -0.96259
56.79000 294.59214 71.00000 406.86227 3.29974 -0.96259
56.80700 294.59213 71.00000 406.86225 3.29974 -0.96259
56.82300 294.59214 71.00000 406.86227 3.29974 -0.96259
56.83900 294.59214 71.00000 406.86227 3.29974 -0.96259
56.85600 294.59213 71.00000 406.86225 3.29974 -0.96259
56.87300 294.59214 71.00000 406.86227 3.29974 -0.96259
56.88900 294.59214 71.00000 406.86227 3.29974 -0.96259
56.90600 294.59213 71.00000 406.86225 3.29974 -0.96259
56.92300 294.59214 71.00000 406.86227 3.29974 -0.96259
56.93900 294.59214 71.00000 406.86227 3.29974 -0.96259
56.95600 294.59213 71.00000 406.86225 3.29974 -1.26257
56.97400 294.59214 71.00000 406.86227 3.14974 -1.41257
56.99100 294.59214 71.00000 406.86227 3.14974 -1.56256
57.00600 294.59213 71.00000 406.86225 3.14974 -1.56256
57.02300 294.59214 71.00000 406.86227 3.14974 -1.56256
57.03900 294.59214 71.00000 406.86227 3.14974 -1.56256
57.05600 294.59213 71.00000 406.86225 3.14974 -1.56256
57.07300 294.59214 71.00000 406.86227 3.14974 -1.56256
57.08900 294.59214 71.00000 406.86227 3.14974 -1.56256
57.10700 294.59213 71.00000 406.86225 3.14974 -1.56256
57.12300 294.59214 71.00000 406.86227 3.14974 -1.56256
57.14100 294.59214 71.00000 406.86227 3.14974 -1.56256
57.15900 294.59214 71.00000 406.86227 3.14974 -1.56256
57.18900 294.59214 71.00000 406.86227 3.14974 -1.56256
57.20700 294.59213 71.00000 406.86225 3.14974 -1.56256
57.22400 294.59214 71.00000 406.86227 3.14974 -1.56256
57.23900 294.59214 71.00000 406.86227 3.14974 -1.56256
57.25600 294.59213 71.00000 406.86225 3.14974 -1.56256
57.27300 294.59214 71.00000 406.86227 3.14974 -1.56256
57.29000 294.59214 71.00000 406.86227 3.14974 -1.56256
57.30700 294.59213 71.00000 406.86225 3.14974 -1.56256
57.32300 294.59214 71.00000 406.86227 3.14974 -1.56256
57.33900 294.59214 71.00000 406.86227 3.14974 -1.56256
57.35600 294.59213 71.00000 406.86225 3.14974 -1.56256
57.37300 294.59214 71.00000 406.86227 3.14974 -1.56256
57.39000 294.59214 71.00000 406.86227 3.14974 -1.56256
57.40700 294.59213 71.00000 406.86225 3.14974 -1.56256
57.42400 294.59214 71.00000 406.86227 3.14974 -1.56256
57.43900 294.59214 71.00000 406.86227 3.14974 -1.56256
57.45700 294.59213 71.00000 406.86225 3.14974 -1.56256
57.47300 294.59214 71.00000 406.86227 3.14974 -1.56256
57.48900 294.59214 71.00000 406.86227 3.14974 -1.56256
57.50600 294.59213 71.00000 406.86225 3.14974 -1.56256
57.52300 294.59214 71.00000 406.86227 3.14974 -1.56256
57.53900 294.59214 71.00000 406.86227 3.14974 -1.56256
57.55700 294.59213 71.00000 406.86225 3.14974 -1.56256
57.57400 294.59214 71.00000 406.86227 3.14974 -1.56256
57.58900 294.59214 71.00000 406.86227 3.14974 -1.56256
57.60600 294.59213 71.00000 406.86225 3.14974 -1.56256
57.62400 294.59214 71.00000 406.86227 3.14974 -1.56256
57.64000 294.59214 71.00000 406.86227 3.14974 -1.56256
57.65700 294.59213 71.00000 406.86225 3.14974 -1.56256
57.67300 294.59214 71.00000 406.86227 3.14974 -1.56256
57.68900 294.59214 71.00000 406.86227 3.14974 -1.56256
57.70600 294.59213 71.00000 406.86225 3.14974 -1.56256
57.72300 294.59214 71.00000 406.86227 3.14974 -1.56256
57.74000 294.59214 71.00000 406.86227 3.14974 -1.56256
57.75700 294.59213 71.00000 406.86225 3.14974 -1.56256
57.77300 294.59214 71.00000 406.86227 3.14974 -1.56256
57.79000 294.59214 71.00000 406.86227 3.14974 -1.56256
57.80700 294.59213 71.00000 406.86225 3.14974 -1.56256
57.82400 294.59214 71.00000 406.86227 3.14974 -1.56256
57.84300 294.59213 71.00000 406.86225 3.14974 -1.56256
57.87300 294.59214 71.00000 406.86227 3.14974 -1.56256
57.88900 294.59214 71.00000 406.86227 3.14974 -1.56256
57.90700 294.59213 71.00000 406.86225 3.14974 -1.56256
57.92300 294.59214 71.00000 406.86227 3.14974 -1.56256
57.93900 294.59214 71.00000 406.86227 3.14974 -1.56256
57.95600 294.59213 71.00000 406.86225 3.14974 -1.56256
57.97300 294.59214 71.00000 406.86227 3.14974 -1.56256
57.98900 294.59214 71.00000 406.86227 3.14974 -1.56256
58.00600 294.59213 71.00000 406.86225 3.14974 -1.56256
58.02300 294.59214 71.00000 406.86227 3.14974 -1.56256
58.03900 294.59214 71.00000 406.86227 3.14974 -1.56256
58.05600 294.59213 71.00000 406.86225 3.14974 -1.56256
58.07300 294.59214 71.00000 406.86227 3.14974 -1.56256
58.08900 294.59214 71.00000 406.86227 3.14974 -1.56256
58.10700 294.59213 71.00000 406.86225 3.14974 -1.56256
58.12200 294.59214 71.00000 406.86227 3.14974 -1.56256
58.13900 294.59214 71.00000 406.86227 3.14974 -1.56256
58.15700 294.59213 71.00000 406.86225 3.14974 -1.56256
58.17300 294.59214 71.00000 406.86227 3.14974 -1.56256
58.19000 294.59214 71.00000 406.86227 3.14974 -1.56256
58.20600 294.59213 71.00000 406.86225 3.14974 -1.56256
58.22400 294.59214 71.00000 406.86227 3.14974 -1.56256
58.23900 294.59214 71.00000 406.86227 3.14974 -1.56256
58.25600 294.59213 71.00000 406.86225 3.14974 -1.56256
58.27300 294.59214 71.00000 406.86227 3.14974 -1.56256
58.28900 294.59214 71.00000 406.86227 3.14974 -1.56256
58.30600 294.59213 71.00000 406.86225 3.14974 -1.56256
58.32300 294.59214 71.00000 406.86227 3.14974 -1.56256
58.34000 294.59214 71.00000 406.86227 3.14974 -1.56256
58.35600 294.59213 71.00000 406.86225 3.14974 -1.56256
58.37300 294.59214 71.00000 406.86227 3.14974 -1.56256
58.38900 294.59214 71.00000 406.86227 3.14974 -1.56256
58.40600 294.59213 71.00000 406.86225 3.14974 -1.56256
58.42300 294.59214 71.00000 406.86227 3.14974 -1.56256
58.43900 294.59214 71.00000 406.86227 3.14974 -1.56256
58.45600 294.59213 71.00000 406.86225 3.14974 -1.56256
58.47300 294.59214 71.00000 406.86227 3.14974 -1.56256
58.48900 294.59214 71.00000 406.86227 3.14974 -1.56256
58.50700 294.59213 71.00000 406.86225 3.14974 -1.56256
58.52900 294.59214 71.00000 406.86227 3.14974 -1.56256
58.55600 294.59213 71.00000 406.86225 3.14974 -1.56256
58.57300 294.59214 71.00000 406.86227 3.14974 -1.56256
58.59000 294.59214 71.00000 406.86227 3.14974 -1.56256
58.60700 294.59213 71.00000 406.86225 3.14974 -1.56256
58.62300 294.59214 71.00000 406.86227 3.14974 -1.56256
58.63900 294.59214 71.00000 406.86227 3.14974 -1.56256
58.65600 294.59213 71.00000 406.86225 3.14974 -1.56256
58.67300 294.59214 71.00000 406.86227 3.14974 -1.56256
58.68900 294.59214 71.00000 406.86227 3.14974 -1.56256
58.70600 294.59213 71.00000 406.86225 3.14974 -1.56256
58.72300 294.59214 71.00000 406.86227 3.14974 -1.56256
58.73900 294.59193 71.00000 406.85443 3.14974 -1.56256
58.75600 294.59101 71.00000 406.82111 3.14974 -1.56256
58.77300 294.59011 71.00000 406.78781 3.14974 -1.56256
58.78900 294.58926 71.00000 406.75218 3.14974 -1.56256
58.80600 294.58834 71.00000 406.70068 3.14974 -1.56256
58.82300 294.58744 71.00000 406.64920 3.14974 -1.56256
58.83900 294.58659 71.00000 406.59840 3.14974 -1.56256
58.85700 294.58568 71.00000 406.53696 3.14974 -1.56256
58.87300 294.58478 71.00000 406.47555 3.14974 -1.56256
58.88900 294.58392 71.00000 406.41646 3.14974 -1.56256
58.90600 294.58301 71.00000 406.34961 3.14974 -1.56256
58.92300 294.58211 71.00000 406.28278 3.14974 -1.56256
58.94000 294.58126 71.00000 406.21917 3.14974 -1.56256
58.95700 294.58034 71.00000 406.14935 3.14974 -1.56256
58.97300 294.57944 71.00000 406.07956 3.14974 -1.56256
58.99000 294.57859 71.00000 406.01348 3.14974 -1.56256
59.00700 294.57767 71.00000 405.94204 3.14974 -1.56256
59.02300 294.57677 71.00000 405.87064 3.14974 -1.56256
59.03900 294.57592 71.00000 405.80321 3.14974 -1.56256
59.05600 294.57500 71.00000 405.73089 3.14974 -1.56256
59.07300 294.57410 71.00000 405.65860 3.14974 -1.56256
59.08900 294.57325 71.00000 405.59044 3.14974 -1.56256
59.10600 294.57234 71.00000 405.51764 3.14974 -1.56256
59.12300 294.57144 71.00000 405.44487 3.14974 -1.56256
59.13900 294.57058 71.00000 405.37630 3.14974 -1.56256
59.15600 294.56967 71.00000 405.30324 3.14974 -1.56256
59.17300 294.56877 71.00000 405.23020 3.14974 -1.56256
59.18900 294.56791 71.00000 405.16142 3.14974 -1.56256
59.20600 294.56700 71.00000 405.08821 3.14974 -1.56256
59.22300 294.56610 71.00000 405.01503 3.14974 -1.56256
59.23900 294.56525 71.00000 404.94613 3.14974 -1.56256
59.25600 294.56433 71.00000 404.87285 3.14974 -1.56256
59.27300 294.56343 71.00000 404.79959 3.14974 -1.56256
59.28900 294.56258 71.00000 404.73062 3.14974 -1.56256
59.30600 294.56166 71.00000 404.65729 3.14974 -1.56256
59.32300 294.56076 71.00000 404.58399 3.14974 -1.56256
59.33900 294.55991 71.00000 404.51498 3.14974 -1.56256
59.35600 294.55899 71.00000 404.44163 3.14974 -1.56256
59.37300 294.55810 71.00000 404.36831 3.14974 -1.56256
59.38900 294.55724 71.00000 404.29928 3.14974 -1.56256
59.40600 294.55633 71.00000 404.22592 3.14974 -1.56256
59.42300 294.55543 71.00000 404.15259 3.14974 -1.56256
59.43900 294.55457 71.00000 404.08355 3.14974 -1.56256
59.45600 294.55366 71.00000 404.01018 3.14974 -1.56256
59.47300 294.55276 71.00000 403.93684 3.14974 -1.56256
59.48900 294.55191 71.00000 403.86779 3.14974 -1.56256
59.50600 294.55099 71.00000 403.79442 3.14974 -1.56256
59.52300 294.55009 71.00000 403.72107 3.14974 -1.56256
59.53900 294.54924 71.00000 403.65203 3.14974 -1.56256
59.55600 294.54832 71.00000 403.57865 3.14974 -1.56256
59.57300 294.54742 71.00000 403.50530 3.14974 -1.56256
59.58900 294.54657 71.00000 403.43626 3.14974 -1.56256
59.60600 294.54565 71.00000 403.36288 3.14974 -1.56256
59.62300 294.54476 71.00000 403.28953 3.14974 -1.56256
59.63900 294.54412 71.00000 403.22832 3.14974 -1.56256
59.65600 294.54411 71.00000 403.18825 3.14974 -1.56256
59.67300 294.54412 71.00000 403.14820 3.14974 -1.56256
59.69000 294.54412 71.00000 403.11478 3.14974 -1.56256
59.70700 294.54411 71.00000 403.09290 3.14974 -1.56256
59.72300 294.54412 71.00000 403.07104 3.14974 -1.56256
59.73900 294.54412 71.00000 403.05279 3.14974 -1.56256
59.75600 294.54411 71.00000 403.04084 3.14974 -1.56256
59.77300 294.54412 71.00000 403.02891 3.14974 -1.56256
59.78900 294.54412 71.00000 403.01895 3.14974 -1.56256
59.80600 294.54411 71.00000 403.01242 3.14974 -1.56256
59.82300 294.54412 71.00000 403.00591 3.14974 -1.56256
59.83900 294.54412 71.00000 403.00047 3.14974 -1.56256
59.85600 294.54411 71.00000 402.99690 3.14974 -1.56256
59.87300 294.54412 71.00000 402.99335 3.14974 -1.56256
59.88900 294.54433 71.00000 402.99822 3.14974 -1.56256
59.90600 294.54523 71.00000 403.02957 3.14974 -1.56256
59.92300 294.54614 71.00000 403.06094 3.14974 -1.56256
59.93900 294.54700 71.00000 403.09495 3.14974 -1.56256
59.95600 294.54790 71.00000 403.14537 3.14974 -1.56256
59.97300 294.54881 71.00000 403.19581 3.14974 -1.56256
59.98900 294.54967 71.00000 403.24573 3.14974 -1.56256
60.00600 294.55056 71.00000 403.30656 3.14974 -1.56256
60.02400 294.55148 71.00000 403.36742 3.14974 -1.56256
60.03900 294.55233 71.00000 403.42602 3.14974 -1.56256
60.05600 294.55323 71.00000 403.49254 3.14974 -1.56256
60.07300 294.55415 71.00000 403.55908 3.14974 -1.56256
60.08900 294.55500 71.00000 403.62242 3.14974 -1.56256
60.10600 294.55590 71.00000 403.69204 3.14974 -1.56256
60.12300 294.55682 71.00000 403.76169 3.14974 -1.56256
60.13900 294.55767 71.00000 403.82762 3.14974 -1.56256
60.15800 294.55857 71.00000 403.89893 3.14974 -1.56256
60.17400 294.55948 71.00000 403.97027 3.14974 -1.56256
60.19100 294.56012 71.00000 404.02978 3.14974 -1.56256
60.20600 294.56012 71.00000 404.06872 3.14974 -1.56256
60.22500 294.56012 71.00000 404.02978 3.14974 -1.56256
60.25600 294.56012 71.00000 404.16142 3.14974 -1.56256
60.27300 294.56012 71.00000 404.18269 3.14974 -1.56256
60.28900 294.56012 71.00000 404.20044 3.14974 -1.56256
60.30600 294.56012 71.00000 404.21203 3.14974 -1.56256
60.32300 294.56012 71.00000 404.22366 3.14974 -1.56256
60.33900 294.56012 71.00000 404.23334 3.14974 -1.56256
60.35600 294.56012 71.00000 404.23967 3.14974 -1.56256
60.37300 294.56012 71.00000 404.24602 3.14974 -1.56256
60.38900 294.56012 71.00000 404.25131 3.14974 -1.56256
60.40600 294.56012 71.00000 404.25476 3.14974 -1.56256
60.42300 294.56012 71.00000 404.25823 3.14974 -1.56256
60.43900 294.56012 71.00000 404.26112 3.14974 -1.56256
60.45600 294.56012 71.00000 404.26300 3.14974 -1.56256
60.47300 294.56012 71.00000 404.26490 3.14974 -1.56256
60.48900 294.56012 71.00000 404.26648 3.14974 -1.56256
60.50600 294.56012 71.00000 404.26750 3.14974 -1.56256
60.52300 294.56012 71.00000 404.26854 3.14974 -1.56256
60.53900 294.56012 71.00000 404.26927 3.14974 -1.56256
60.55600 294.56012 71.00000 404.26926 3.14974 -1.56256
60.57300 294.56012 71.00000 404.26927 3.14974 -1.56256
60.58900 294.56012 71.00000 404.26927 3.14974 -1.56256
60.60700 294.56012 71.00000 404.26926 3.14974 -1.56256
60.62300 294.56012 71.00000 404.26927 3.14974 -1.56256
60.63900 294.56034 71.00000 404.27710 3.14974 -1.56256
60.65600 294.56124 71.00000 404.31040 3.14974 -1.56256
60.67400 294.56215 71.00000 404.34372 3.14974 -1.56256
60.68900 294.56301 71.00000 404.37935 3.14974 -1.56256
60.70600 294.56390 71.00000 404.43083 3.14974 -1.56256
60.72300 294.56482 71.00000 404.48234 3.14974 -1.56256
60.73900 294.56567 71.00000 404.53314 3.14974 -1.56256
60.75600 294.56657 71.00000 404.59455 3.14974 -1.56256
60.77300 294.56749 71.00000 404.65598 3.14974 -1.56256
60.78900 294.56834 71.00000 404.71507 3.14974 -1.56256
60.80600 294.56924 71.00000 404.78190 3.14974 -1.56256
60.82300 294.57016 71.00000 404.84876 3.14974 -1.56256
60.83900 294.57101 71.00000 404.91237 3.14974 -1.56256
60.85600 294.57191 71.00000 404.98216 3.14974 -1.56256
60.87300 294.57282 71.00000 405.05198 3.14974 -1.56256
60.88900 294.57346 71.00000 405.11022 3.14974 -1.56256
60.90600 294.57346 71.00000 405.14832 3.14974 -1.56256
60.92300 294.57346 71.00000 405.18644 3.14974 -1.56256
60.93900 294.57346 71.00000 405.21824 3.14974 -1.56256
60.95600 294.57346 71.00000 405.23904 3.14974 -1.56256
60.97300 294.57346 71.00000 405.25986 3.14974 -1.56256
60.98900 294.57346 71.00000 405.27723 3.14974 -1.56256
61.00600 294.57346 71.00000 405.28858 3.14974 -1.56256
61.02300 294.57346 71.00000 405.29995 3.14974 -1.56256
61.04000 294.57346 71.00000 405.30943 3.14974 -1.56256
61.05600 294.57346 71.00000 405.31562 3.14974 -1.56256
61.07400 294.57346 71.00000 405.32184 3.14974 -1.56256
61.08900 294.57346 71.00000 405.32702 3.14974 -1.56256
61.10600 294.57346 71.00000 405.33039 3.14974 -1.56256
61.12300 294.57346 71.00000 405.33379 3.14974 -1.56256
61.13900 294.57346 71.00000 405.33662 3.14974 -1.56256
61.15600 294.57346 71.00000 405.33845 3.14974 -1.56256
61.17300 294.57346 71.00000 405.34032 3.14974 -1.56256
61.18900 294.57346 71.00000 405.34162 3.14974 -1.56256
61.20600 294.57346 71.00000 405.34161 3.14974 -1.56256
61.22400 294.57346 71.00000 405.34162 3.14974 -1.56256
61.24100 294.57346 71.00000 405.34162 3.14974 -1.56256
61.25600 294.57346 71.00000 405.34161 3.14974 -1.56256
61.27300 294.57346 71.00000 405.34162 3.14974 -1.56256
61.28900 294.57346 71.00000 405.34162 3.14974 -1.56256
61.30600 294.57346 71.00000 405.34161 3.14974 -1.56256
61.32300 294.57346 71.00000 405.34162 3.14974 -1.56256
61.33900 294.57346 71.00000 405.34162 3.14974 -1.56256
61.35600 294.57346 71.00000 405.34161 3.14974 -1.56256
61.37300 294.57346 71.00000 405.34162 3.14974 -1.56256
61.38900 294.57346 71.00000 405.34162 3.14974 -1.56256
61.40600 294.57346 71.00000 405.34161 3.14974 -1.56256
61.42300 294.57346 71.00000 405.34162 3.14974 -1.56256
61.43900 294.57346 71.00000 405.34162 3.14974 -1.56256
61.45600 294.57346 71.00000 405.34161 3.14974 -1.56256
61.47300 294.57346 71.00000 405.34162 3.14974 -1.56256
61.48900 294.57340 71.00000 405.33927 3.14974 -1.56256
61.50700 294.57312 71.00000 405.32927 3.14974 -1.56256
61.52400 294.57286 71.00000 405.31928 3.14974 -1.56256
61.54000 294.57260 71.00000 405.30860 3.14974 -1.56256
61.55700 294.57232 71.00000 405.29314 3.14974 -1.56256
61.57400 294.57206 71.00000 405.27770 3.14974 -1.56256
61.59000 294.57180 71.00000 405.26246 3.14974 -1.56256
61.60700 294.57152 71.00000 405.24402 3.14974 -1.56256
61.62300 294.57126 71.00000 405.22561 3.14974 -1.56256
61.63900 294.57100 71.00000 405.20788 3.14974 -1.56256
61.65700 294.57072 71.00000 405.18781 3.14974 -1.56256
61.67400 294.57045 71.00000 405.16777 3.14974 -1.56256
61.68900 294.57020 71.00000 405.14869 3.14974 -1.56256
61.70600 294.56992 71.00000 405.12774 3.14974 -1.56256
61.72300 294.56965 71.00000 405.10681 3.14974 -1.56256
61.73900 294.56940 71.00000 405.08698 3.14974 -1.56256
61.75600 294.56912 71.00000 405.06555 3.14974 -1.56256
61.77300 294.56885 71.00000 405.04413 3.14974 -1.56256
61.78900 294.56860 71.00000 405.02390 3.14974 -1.56256
61.80700 294.56832 71.00000 405.00220 3.14974 -1.56256
61.82300 294.56805 71.00000 404.98052 3.14974 -1.56256
61.83900 294.56780 71.00000 404.96007 3.14974 -1.56256
61.85700 294.56752 71.00000 404.93822 3.14974 -1.56256
61.87300 294.56725 71.00000 404.91640 3.14974 -1.56256
61.88900 294.56700 71.00000 404.89583 3.14974 -1.56256
61.90600 294.56672 71.00000 404.87390 3.14974 -1.56256
61.92300 294.56645 71.00000 404.85200 3.14974 -1.56256
61.93900 294.56620 71.00000 404.83137 3.14974 -1.56256
61.95600 294.56592 71.00000 404.80940 3.14974 -1.56256
61.97300 294.56565 71.00000 404.78745 3.14974 -1.56256
61.98900 294.56540 71.00000 404.76678 3.14974 -1.56256
62.00600 294.56512 71.00000 404.74479 3.14974 -1.56256
62.02300 294.56485 71.00000 404.72282 3.14974 -1.56256
62.03900 294.56460 71.00000 404.70213 3.14974 -1.56256
62.05600 294.56431 71.00000 404.68012 3.14974 -1.56256
62.07300 294.56405 71.00000 404.65814 3.14974 -1.56256
62.08900 294.56380 71.00000 404.63744 3.14974 -1.56256
62.10600 294.56351 71.00000 404.61542 3.14974 -1.56256
62.12300 294.56325 71.00000 404.59343 3.14974 -1.56256
62.13900 294.56300 71.00000 404.57273 3.14974 -1.56256
62.15600 294.56271 71.00000 404.55071 3.14974 -1.56256
62.17300 294.56245 71.00000 404.52872 3.14974 -1.56256
62.18900 294.56219 71.00000 404.50801 3.14974 -1.56256
62.20600 294.56191 71.00000 404.48599 3.14974 -1.56256
62.22400 294.56165 71.00000 404.46399 3.14974 -1.56256
62.23900 294.56139 71.00000 404.44328 3.14974 -1.56256
62.25700 294.56111 71.00000 404.42126 3.14974 -1.56256
62.27300 294.56085 71.00000 404.39926 3.14974 -1.56256
62.28900 294.56044 71.00000 404.37306 3.14974 -1.56256
62.30600 294.55953 71.00000 404.32773 3.14974 -1.56256
62.33000 294.55778 71.00000 404.23676 3.14974 -1.56256
62.35600 294.55686 71.00000 404.17869 3.14974 -1.56256
62.37300 294.55596 71.00000 404.12065 3.14974 -1.56256
62.38900 294.55511 71.00000 404.06438 3.14974 -1.56256
62.40600 294.55419 71.00000 403.99936 3.14974 -1.56256
62.42300 294.55329 71.00000 403.93437 3.14974 -1.56256
62.43900 294.55244 71.00000 403.87229 3.14974 -1.56256
62.45600 294.55152 71.00000 403.80348 3.14974 -1.56256
62.47400 294.55063 71.00000 403.73469 3.14974 -1.56256
62.48900 294.54977 71.00000 403.66945 3.14974 -1.56256
62.50600 294.54886 71.00000 403.59856 3.14974 -1.56256
62.52300 294.54796 71.00000 403.52770 3.14974 -1.56256
62.53900 294.54710 71.00000 403.46073 3.14974 -1.56256
62.55600 294.54619 71.00000 403.38872 3.14974 -1.56256
62.57300 294.54529 71.00000 403.31673 3.14974 -1.56256
62.59000 294.54444 71.00000 403.24881 3.14974 -1.56256
62.60700 294.54352 71.00000 403.17618 3.14974 -1.56256
62.62300 294.54262 71.00000 403.10357 3.14974 -1.56256
62.63900 294.54177 71.00000 403.03514 3.14974 -1.56256
62.65600 294.54085 71.00000 402.96217 3.14974 -1.56256
62.67400 294.53995 71.00000 402.88922 3.14974 -1.56256
62.68900 294.53910 71.00000 402.82051 3.14974 -1.56256
62.70900 294.53729 71.00000 402.67422 3.14974 -1.56256
62.73900 294.53643 71.00000 402.60536 3.14974 -1.56256
62.75600 294.53552 71.00000 402.53210 3.14974 -1.56256
62.77300 294.53462 71.00000 402.45887 3.14974 -1.56256
62.78900 294.53376 71.00000 402.38992 3.14974 -1.56256
62.80600 294.53285 71.00000 402.31661 3.14974 -1.56256
62.82300 294.53195 71.00000 402.24332 3.14974 -1.56256
62.83900 294.53110 71.00000 402.17433 3.14974 -1.56256
62.85600 294.53018 71.00000 402.10099 3.14974 -1.56256
62.87300 294.52928 71.00000 402.02767 3.14974 -1.56256
62.88900 294.52843 71.00000 401.95865 3.14974 -1.56256
62.90600 294.52751 71.00000 401.88530 3.14974 -1.56256
62.92300 294.52661 71.00000 401.81196 3.14974 -1.56256
62.93900 294.52576 71.00000 401.74293 3.14974 -1.56256
62.95700 294.52484 71.00000 401.66956 3.14974 -1.56256
62.97400 294.52395 71.00000 401.59622 3.14974 -1.56256
62.98900 294.52309 71.00000 401.52718 3.14974 -1.56256
63.00600 294.52218 71.00000 401.45381 3.14974 -1.56256
63.02300 294.52128 71.00000 401.38046 3.14974 -1.56256
63.03900 294.52042 71.00000 401.31142 3.14974 -1.56256
63.05600 294.51951 71.00000 401.23804 3.14974 -1.56256
63.07300 294.51861 71.00000 401.16469 3.14974 -1.56256
63.08900 294.51776 71.00000 401.09565 3.14974 -1.56256
63.10600 294.51684 71.00000 401.02227 3.14974 -1.56256
63.12300 294.51594 71.00000 400.94892 3.14974 -1.56256
63.13900 294.51509 71.00000 400.87987 3.14974 -1.56256
63.15600 294.51417 71.00000 400.80650 3.14974 -1.56256
63.17300 294.51327 71.00000 400.73315 3.14974 -1.56256
63.18900 294.51242 71.00000 400.66410 3.14974 -1.56256
63.20600 294.51150 71.00000 400.59072 3.14974 -1.56256
63.22300 294.51061 71.00000 400.51737 3.14974 -1.56256
63.23900 294.50975 71.00000 400.44832 3.14974 -1.56256
63.25600 294.50884 71.00000 400.37494 3.14974 -1.56256
63.27400 294.50794 71.00000 400.30159 3.14974 -1.56256
63.29000 294.50708 71.00000 400.23254 3.14974 -1.56256
63.30600 294.50617 71.00000 400.15917 3.14974 -1.56256
63.32300 294.50527 71.00000 400.08581 3.14974 -1.56256
63.33900 294.50442 71.00000 400.01676 3.14974 -1.56256
63.35600 294.50350 71.00000 399.94339 3.14974 -1.56256
63.37300 294.50260 71.00000 399.87003 3.14974 -1.56256
63.38900 294.50175 71.00000 399.80098 3.14974 -1.56256
63.40800 294.50083 71.00000 399.72761 3.14974 -1.56256
63.42300 294.49993 71.00000 399.65426 3.14974 -1.56256
63.43900 294.49908 71.00000 399.58521 3.14974 -1.56256
63.45500 294.49816 71.00000 399.51183 3.14974 -1.56256
63.47300 294.49727 71.00000 399.43848 3.14974 -1.56256
63.48900 294.49641 71.00000 399.36943 3.14974 -1.56256
63.50600 294.49550 71.00000 399.29605 3.14974 -1.56256
63.52300 294.49460 71.00000 399.22270 3.14974 -1.56256
63.53900 294.49396 71.00000 399.16149 3.14974 -1.56256
63.55500 294.49395 71.00000 399.12142 3.14974 -1.56256
63.57300 294.49396 71.00000 399.08137 3.14974 -1.56256
63.58900 294.49374 71.00000 399.04011 3.14974 -1.56256
63.60600 294.49283 71.00000 398.98492 3.14974 -1.56256
63.62300 294.49193 71.00000 398.92975 3.14974 -1.56256
63.63900 294.49129 71.00000 398.88372 3.14974 -1.56256
63.65600 294.49128 71.00000 398.85358 3.14974 -1.56256
63.67300 294.49129 71.00000 398.82346 3.14974 -1.56256
63.68800 294.49129 71.00000 398.79832 3.14974 -1.56256
63.70600 294.49128 71.00000 398.78186 3.14974 -1.56256
63.72300 294.49129 71.00000 398.76542 3.14974 -1.56256
63.73900 294.49129 71.00000 398.75170 3.14974 -1.56256
63.75600 294.49128 71.00000 398.74271 3.14974 -1.56256
63.77300 294.49129 71.00000 398.73374 3.14974 -1.56256
63.78800 294.49129 71.00000 398.72624 3.14974 -1.56256
63.80600 294.49128 71.00000 398.72133 3.14974 -1.56256
63.82300 294.49129 71.00000 398.71643 3.14974 -1.56256
63.83900 294.49129 71.00000 398.71234 3.14974 -1.56256
63.85500 294.49128 71.00000 398.70965 3.14974 -1.56256
63.87300 294.49129 71.00000 398.70699 3.14974 -1.56256
63.88900 294.49108 71.00000 398.69692 3.14974 -1.56256
63.90600 294.49016 71.00000 398.66213 3.14974 -1.56256
63.92300 294.48926 71.00000 398.62738 3.14974 -1.56256
63.94100 294.48841 71.00000 398.59053 3.14974 -1.56256
63.95600 294.48749 71.00000 398.53823 3.14974 -1.56256
63.97300 294.48659 71.00000 398.48595 3.14974 -1.56256
63.98900 294.48574 71.00000 398.43448 3.14974 -1.56256
64.00600 294.48482 71.00000 398.37261 3.14974 -1.56256
64.02300 294.48393 71.00000 398.31076 3.14974 -1.56256
64.04100 294.48307 71.00000 398.25131 3.14974 -1.56256
64.05500 294.48216 71.00000 398.18422 3.14974 -1.56256
64.07300 294.48126 71.00000 398.11715 3.14974 -1.56256
64.08900 294.48040 71.00000 398.05334 3.14974 -1.56256
64.10600 294.47949 71.00000 397.98339 3.14974 -1.56256
64.12300 294.47859 71.00000 397.91347 3.14974 -1.56256
64.13900 294.47774 71.00000 397.84728 3.14974 -1.56256
64.15600 294.47682 71.00000 397.77578 3.14974 -1.56256
64.17300 294.47592 71.00000 397.70430 3.14974 -1.56256
64.19100 294.47507 71.00000 397.63681 3.14974 -1.56256
64.20500 294.47415 71.00000 397.56446 3.14974 -1.56256
64.22200 294.47325 71.00000 397.49213 3.14974 -1.56256
64.24000 294.47261 71.00000 397.43177 3.14974 -1.56256
64.25500 294.47260 71.00000 397.39226 3.14974 -1.56256
64.27300 294.47261 71.00000 397.35277 3.14974 -1.56256
64.28900 294.47261 71.00000 397.31981 3.14974 -1.56256
64.30600 294.47260 71.00000 397.29824 3.14974 -1.56256
64.32300 294.47261 71.00000 397.27668 3.14974 -1.56256
64.33900 294.47261 71.00000 397.25869 3.14974 -1.56256
64.35500 294.47260 71.00000 397.24690 3.14974 -1.56256
64.37300 294.47261 71.00000 397.23514 3.14974 -1.56256
64.38900 294.47261 71.00000 397.22531 3.14974 -1.56256
64.40600 294.47260 71.00000 397.21887 3.14974 -1.56256
64.42300 294.47261 71.00000 397.21245 3.14974 -1.56256
64.43900 294.47261 71.00000 397.20709 3.14974 -1.56256
64.45600 294.47260 71.00000 397.20357 3.14974 -1.56256
64.47300 294.47261 71.00000 397.20007 3.14974 -1.56256
64.48900 294.47261 71.00000 397.19714 3.14974 -1.56256
64.50600 294.47260 71.00000 397.19521 3.14974 -1.56256
64.52300 294.47261 71.00000 397.19331 3.14974 -1.56256
64.53900 294.47261 71.00000 397.19171 3.14974 -1.56256
64.55600 294.47260 71.00000 397.19065 3.14974 -1.56256
64.57300 294.47261 71.00000 397.18961 3.14974 -1.56256
64.58800 294.47261 71.00000 397.18888 3.14974 -1.56256
64.60600 294.47260 71.00000 397.18886 3.14974 -1.56256
64.62300 294.47261 71.00000 397.18888 3.14974 -1.56256
64.63900 294.47283 71.00000 397.19671 3.14974 -1.56256
64.65600 294.47372 71.00000 397.23001 3.14974 -1.56256
64.67300 294.47464 71.00000 397.26333 3.14974 -1.56256
64.68900 294.47549 71.00000 397.29896 3.14974 -1.56256
64.70600 294.47639 71.00000 397.35044 3.14974 -1.56256
64.72300 294.47731 71.00000 397.40194 3.14974 -1.56256
64.73900 294.47816 71.00000 397.45274 3.14974 -1.56256
64.75600 294.47906 71.00000 397.51416 3.14974 -1.56256
64.77300 294.47998 71.00000 397.57559 3.14974 -1.56256
64.78900 294.48083 71.00000 397.63468 3.14974 -1.56256
64.80600 294.48173 71.00000 397.70151 3.14974 -1.56256
64.82300 294.48264 71.00000 397.76837 3.14974 -1.56256
64.83900 294.48350 71.00000 397.83197 3.14974 -1.56256
64.85600 294.48440 71.00000 397.90177 3.14974 -1.56256
64.87300 294.48531 71.00000 397.97158 3.14974 -1.56256
64.88800 294.48595 71.00000 398.02983 3.14974 -1.56256
64.90600 294.48594 71.00000 398.06793 3.14974 -1.56256
64.92200 294.48595 71.00000 398.10605 3.14974 -1.56256
64.93900 294.48595 71.00000 398.13785 3.14974 -1.56256
64.95500 294.48594 71.00000 398.15865 3.14974 -1.56256
64.97300 294.48595 71.00000 398.17947 3.14974 -1.56256
64.98900 294.48595 71.00000 398.19684 3.14974 -1.56256
65.00600 294.48594 71.00000 398.20819 3.14974 -1.56256
65.02300 294.48595 71.00000 398.21956 3.14974 -1.56256
65.03900 294.48595 71.00000 398.22904 3.14974 -1.56256
65.05500 294.48594 71.00000 398.23523 3.14974 -1.56256
65.07200 294.48595 71.00000 398.24145 3.14974 -1.56256
65.08900 294.48595 71.00000 398.24662 3.14974 -1.56256
65.10700 294.48594 71.00000 398.25000 3.14974 -1.56256
65.12300 294.48595 71.00000 398.25340 3.14974 -1.56256
65.13900 294.48595 71.00000 398.25622 3.14974 -1.56256
65.15600 294.48594 71.00000 398.25806 3.14974 -1.56256
65.17300 294.48595 71.00000 398.25992 3.14974 -1.56256
65.18900 294.48574 71.00000 398.25339 3.14974 -1.56256
65.20600 294.48482 71.00000 398.22007 3.14974 -1.56256
65.22200 294.48393 71.00000 398.18678 3.14974 -1.56256
65.23900 294.48307 71.00000 398.15115 3.14974 -1.56256
65.25500 294.48216 71.00000 398.09964 3.14974 -1.56256
65.27300 294.48126 71.00000 398.04816 3.14974 -1.56256
65.28900 294.48040 71.00000 397.99736 3.14974 -1.56256
65.30600 294.47949 71.00000 397.93592 3.14974 -1.56256
65.32300 294.47859 71.00000 397.87451 3.14974 -1.56256
65.33900 294.47774 71.00000 397.81543 3.14974 -1.56256
65.35600 294.47682 71.00000 397.74857 3.14974 -1.56256
65.37300 294.47592 71.00000 397.68174 3.14974 -1.56256
65.38900 294.47507 71.00000 397.61813 3.14974 -1.56256
65.40600 294.47415 71.00000 397.54831 3.14974 -1.56256
65.42300 294.47325 71.00000 397.47852 3.14974 -1.56256
65.43900 294.47240 71.00000 397.41244 3.14974 -1.56256
65.45600 294.47148 71.00000 397.34101 3.14974 -1.56256
65.47300 294.47059 71.00000 397.26960 3.14974 -1.56256
65.48900 294.46973 71.00000 397.20217 3.14974 -1.56256
65.50600 294.46882 71.00000 397.12986 3.14974 -1.56256
65.52300 294.46792 71.00000 397.05756 3.14974 -1.56256
65.53900 294.46706 71.00000 396.98940 3.14974 -1.56256
65.55600 294.46615 71.00000 396.91660 3.14974 -1.56256
65.57300 294.46525 71.00000 396.84383 3.14974 -1.56256
65.58900 294.46440 71.00000 396.77526 3.14974 -1.56256
65.60600 294.46348 71.00000 396.70220 3.14974 -1.56256
65.62300 294.46258 71.00000 396.62917 3.14974 -1.56256
65.63900 294.46173 71.00000 396.56038 3.14974 -1.56256
65.65600 294.46081 71.00000 396.48718 3.14974 -1.56256
65.67300 294.45991 71.00000 396.41400 3.14974 -1.56256
65.68900 294.45906 71.00000 396.34509 3.14974 -1.56256
65.70600 294.45814 71.00000 396.27181 3.14974 -1.56256
65.72300 294.45724 71.00000 396.19855 3.14974 -1.56256
65.73900 294.45639 71.00000 396.12958 3.14974 -1.56256
65.75600 294.45548 71.00000 396.05625 3.14974 -1.56256
65.77300 294.45458 71.00000 395.98295 3.14974 -1.56256
65.78900 294.45372 71.00000 395.91395 3.14974 -1.56256
65.80600 294.45281 71.00000 395.84060 3.14974 -1.56256
65.82300 294.45191 71.00000 395.76727 3.14974 -1.56256
65.83900 294.45106 71.00000 395.69825 3.14974 -1.56256
65.85600 294.45014 71.00000 395.62489 3.14974 -1.56256
65.87400 294.44924 71.00000 395.55155 3.14974 -1.56256
65.89000 294.44839 71.00000 395.48251 3.14974 -1.56256
65.90600 294.44747 71.00000 395.40914 3.14974 -1.56256
65.92300 294.44657 71.00000 395.33580 3.14974 -1.56256
65.93900 294.44572 71.00000 395.26676 3.14974 -1.56256
65.95600 294.44480 71.00000 395.19338 3.14974 -1.56256
65.97300 294.44390 71.00000 395.12004 3.14974 -1.56256
65.99000 294.44305 71.00000 395.05099 3.14974 -1.56256
66.00700 294.44214 71.00000 394.97762 3.14974 -1.56256
66.02300 294.44124 71.00000 394.90427 3.14974 -1.56256
66.03900 294.44038 71.00000 394.83522 3.14974 -1.56256
66.06100 294.43857 71.00000 394.68849 3.14974 -1.56256
66.08900 294.43772 71.00000 394.61944 3.14974 -1.56256
66.10600 294.43680 71.00000 394.54607 3.14974 -1.56256
66.12300 294.43590 71.00000 394.47272 3.14974 -1.56256
66.13900 294.43505 71.00000 394.40367 3.14974 -1.56256
66.15600 294.43413 71.00000 394.33029 3.14974 -1.56256
66.17200 294.43323 71.00000 394.25694 3.14974 -1.56256
66.18900 294.43238 71.00000 394.18789 3.14974 -1.56256
66.20600 294.43146 71.00000 394.11451 3.14974 -1.56256
66.22400 294.43056 71.00000 394.04116 3.14974 -1.56256
66.24000 294.42971 71.00000 393.97211 3.14974 -1.56256
66.25600 294.42880 71.00000 393.89873 3.14974 -1.56256
66.27300 294.42790 71.00000 393.82538 3.14974 -1.56256
66.28900 294.42704 71.00000 393.75633 3.14974 -1.56256
66.30600 294.42613 71.00000 393.68296 3.14974 -1.56256
66.32300 294.42523 71.00000 393.60960 3.14974 -1.56256
66.33900 294.42437 71.00000 393.54055 3.14974 -1.56256
66.35600 294.42346 71.00000 393.46718 3.14974 -1.56256
66.37300 294.42256 71.00000 393.39382 3.14974 -1.56256
66.38900 294.42171 71.00000 393.32477 3.14974 -1.56256
66.40600 294.42079 71.00000 393.25140 3.14974 -1.56256
66.42300 294.41989 71.00000 393.17804 3.14974 -1.56256
66.43900 294.41904 71.00000 393.10900 3.14974 -1.56256
66.45600 294.41812 71.00000 393.03562 3.14974 -1.56256
66.47300 294.41722 71.00000 392.96227 3.14974 -1.56256
66.49100 294.41637 71.00000 392.89322 3.14974 -1.56256
66.50600 294.41545 71.00000 392.81984 3.14974 -1.56256
66.52300 294.41456 71.00000 392.74649 3.14974 -1.56256
66.53900 294.41370 71.00000 392.67744 3.14974 -1.56256
66.55600 294.41279 71.00000 392.60406 3.14974 -1.56256
66.57300 294.41189 71.00000 392.53071 3.14974 -1.56256
66.58900 294.41103 71.00000 392.46166 3.14974 -1.56256
66.60800 294.41012 71.00000 392.38828 3.14974 -1.56256
66.62300 294.40922 71.00000 392.31493 3.14974 -1.56256
66.63900 294.40837 71.00000 392.24588 3.14974 -1.56256
66.65600 294.40745 71.00000 392.17250 3.14974 -1.56256
66.67300 294.40655 71.00000 392.09915 3.14974 -1.56256
66.68900 294.40570 71.00000 392.03010 3.14974 -1.56256
66.70600 294.40478 71.00000 391.95672 3.14974 -1.56256
66.72300 294.40388 71.00000 391.88337 3.14974 -1.56256
66.73900 294.40303 71.00000 391.81432 3.14974 -1.56256
66.75600 294.40211 71.00000 391.74094 3.14974 -1.56256
66.77300 294.40122 71.00000 391.66759 3.14974 -1.56256
66.78900 294.40036 71.00000 391.59854 3.14974 -1.56256
66.80600 294.39945 71.00000 391.52517 3.14974 -1.56256
66.82300 294.39855 71.00000 391.45181 3.14974 -1.56256
66.84000 294.39769 71.00000 391.38276 3.14974 -1.56256
66.85600 294.39678 71.00000 391.30939 3.14974 -1.56256
66.87300 294.39588 71.00000 391.23603 3.14974 -1.56256
66.89000 294.39503 71.00000 391.16698 3.14974 -1.56256
66.90800 294.39411 71.00000 391.09361 3.14974 -1.56256
66.92300 294.39321 71.00000 391.02025 3.14974 -1.56256
66.93900 294.39236 71.00000 390.95121 3.14974 -1.56256
66.95700 294.39144 71.00000 390.87783 3.14974 -1.56256
66.97300 294.39054 71.00000 390.80448 3.14974 -1.56256
66.98900 294.38969 71.00000 390.73543 3.14974 -1.56256
67.00600 294.38877 71.00000 390.66205 3.14974 -1.56256
67.02300 294.38788 71.00000 390.58870 3.14974 -1.56256
67.03900 294.38702 71.00000 390.51965 3.14974 -1.56256
67.05600 294.38611 71.00000 390.44627 3.14974 -1.56256
67.07500 294.38521 71.00000 390.37292 3.14974 -1.56256
67.10600 294.38344 71.00000 390.23049 3.14974 -1.56256
67.12400 294.38254 71.00000 390.15714 3.14974 -1.56256
67.13900 294.38169 71.00000 390.08809 3.14974 -1.56256
67.15600 294.38077 71.00000 390.01471 3.14974 -1.56256
67.17300 294.37987 71.00000 389.94136 3.14974 -1.56256
67.18900 294.37902 71.00000 389.87231 3.14974 -1.56256
67.20600 294.37810 71.00000 389.79893 3.14974 -1.56256
67.22300 294.37720 71.00000 389.72558 3.14974 -1.56256
67.23900 294.37635 71.00000 389.65653 3.14974 -1.56256
67.25600 294.37543 71.00000 389.58315 3.14974 -1.56256
67.27400 294.37454 71.00000 389.50980 3.14974 -1.56256
67.28900 294.37368 71.00000 389.44075 3.14974 -1.56256
67.30600 294.37277 71.00000 389.36738 3.14974 -1.56256
67.32300 294.37187 71.00000 389.29402 3.14974 -1.56256
67.33900 294.37101 71.00000 389.22497 3.14974 -1.56256
67.35600 294.37010 71.00000 389.15160 3.14974 -1.56256
67.37300 294.36920 71.00000 389.07824 3.14974 -1.56256
67.38900 294.36835 71.00000 389.00919 3.14974 -1.56256
67.40600 294.36743 71.00000 388.93582 3.14974 -1.56256
67.42400 294.36653 71.00000 388.86246 3.14974 -1.56256
67.43900 294.36568 71.00000 388.79341 3.14974 -1.56256
67.45800 294.36476 71.00000 388.72004 3.14974 -1.56256
67.47300 294.36386 71.00000 388.64669 3.14974 -1.56256
67.48900 294.36301 71.00000 388.57764 3.14974 -1.56256
67.50600 294.36209 71.00000 388.50426 3.14974 -1.56256
67.52300 294.36120 71.00000 388.43091 3.14974 -1.56256
67.53900 294.36034 71.00000 388.36186 3.14974 -1.56256
67.55600 294.35943 71.00000 388.28848 3.14974 -1.56256
67.57300 294.35853 71.00000 388.21513 3.14974 -1.56256
67.58900 294.35767 71.00000 388.14608 3.14974 -1.56256
67.60700 294.35676 71.00000 388.07270 3.14974 -1.56256
67.62300 294.35586 71.00000 387.99935 3.14974 -1.56256
67.63900 294.35501 71.00000 387.93030 3.14974 -1.56256
67.65700 294.35409 71.00000 387.85692 3.14974 -1.56256
67.67300 294.35319 71.00000 387.78357 3.14974 -1.56256
67.68900 294.35234 71.00000 387.71452 3.14974 -1.56256
67.70600 294.35142 71.00000 387.64114 3.14974 -1.56256
67.72200 294.35052 71.00000 387.56779 3.14974 -1.56256
67.73900 294.34967 71.00000 387.49874 3.14974 -1.56256
67.75600 294.34875 71.00000 387.42536 3.14974 -1.56256
67.77300 294.34786 71.00000 387.35201 3.14974 -1.56256
67.78900 294.34700 71.00000 387.28296 3.14974 -1.56256
67.80600 294.34609 71.00000 387.20959 3.14974 -1.56256
67.82300 294.34519 71.00000 387.13623 3.14974 -1.56256
67.83900 294.34433 71.00000 387.06718 3.14974 -1.56256
67.85600 294.34342 71.00000 386.99381 3.14974 -1.56256
67.87500 294.34252 71.00000 386.92045 3.14974 -1.56256
67.90600 294.34075 71.00000 386.77803 3.14974 -1.56256
67.92300 294.33985 71.00000 386.70467 3.14974 -1.56256
67.93900 294.33900 71.00000 386.63562 3.14974 -1.56256
67.95600 294.33808 71.00000 386.56225 3.14974 -1.56256
67.97300 294.33718 71.00000 386.48889 3.14974 -1.56256
67.98900 294.33633 71.00000 386.41985 3.14974 -1.56256
68.00600 294.33541 71.00000 386.34647 3.14974 -1.56256
68.02300 294.33452 71.00000 386.27312 3.14974 -1.56256
68.04000 294.33366 71.00000 386.20407 3.14974 -1.56256
68.05600 294.33275 71.00000 386.13069 3.14974 -1.56256
68.07400 294.33185 71.00000 386.05734 3.14974 -1.56256
68.09000 294.33099 71.00000 385.98829 3.14974 -1.56256
68.10600 294.33008 71.00000 385.91491 3.14974 -1.56256
68.12300 294.32918 71.00000 385.84156 3.14974 -1.56256
68.13900 294.32833 71.00000 385.77251 3.14974 -1.56256
68.15600 294.32741 71.00000 385.69913 3.14974 -1.56256
68.17300 294.32651 71.00000 385.62578 3.14974 -1.56256
68.18900 294.32566 71.00000 385.55673 3.14974 -1.56256
68.20600 294.32474 71.00000 385.48335 3.14974 -1.56256
68.22400 294.32384 71.00000 385.41000 3.14974 -1.56256
68.23900 294.32299 71.00000 385.34095 3.14974 -1.56256
68.25600 294.32207 71.00000 385.26757 3.14974 -1.56256
68.27300 294.32118 71.00000 385.19422 3.14974 -1.56256
68.28900 294.32032 71.00000 385.12517 3.14974 -1.56256
68.30600 294.31941 71.00000 385.05180 3.14974 -1.56256
68.32300 294.31851 71.00000 384.97844 3.14974 -1.56256
68.34000 294.31765 71.00000 384.90939 3.14974 -1.56256
68.35700 294.31674 71.00000 384.83602 3.14974 -1.56256
68.37600 294.31499 71.00000 384.69361 3.14974 -1.56256
68.40600 294.31407 71.00000 384.62024 3.14974 -1.56256
68.42300 294.31317 71.00000 384.54688 3.14974 -1.56256
68.43900 294.31232 71.00000 384.47783 3.14974 -1.56256
68.45600 294.31140 71.00000 384.40446 3.14974 -1.56256
68.47300 294.31050 71.00000 384.33110 3.14974 -1.56256
68.48900 294.30965 71.00000 384.26206 3.14974 -1.56256
68.50700 294.30873 71.00000 384.18868 3.14974 -1.56256
68.52300 294.30784 71.00000 384.11533 3.14974 -1.56256
68.53900 294.30698 71.00000 384.04628 3.14974 -1.56256
68.55800 294.30607 71.00000 383.97290 3.14974 -1.56256
68.57400 294.30517 71.00000 383.89955 3.14974 -1.56256
68.59100 294.30431 71.00000 383.83050 3.14974 -1.56256
68.60600 294.30340 71.00000 383.75712 3.14974 -1.56256
68.62300 294.30250 71.00000 383.68377 3.14974 -1.56256
68.64000 294.30165 71.00000 383.61472 3.14974 -1.56256
68.65600 294.30073 71.00000 383.54134 3.14974 -1.56256
68.67300 294.29983 71.00000 383.46799 3.14974 -1.56256
68.68900 294.29898 71.00000 383.39894 3.14974 -1.56256
68.70600 294.29806 71.00000 383.32556 3.14974 -1.56256
68.72200 294.29716 71.00000 383.25221 3.14974 -1.56256
68.73900 294.29631 71.00000 383.18316 3.14974 -1.56256
68.75600 294.29539 71.00000 383.10978 3.14974 -1.56256
68.77300 294.29450 71.00000 383.03643 3.14974 -1.56256
68.78900 294.29364 71.00000 382.96738 3.14974 -1.56256
68.80600 294.29273 71.00000 382.89401 3.14974 -1.56256
68.82300 294.29183 71.00000 382.82065 3.14974 -1.56256
68.83900 294.29097 71.00000 382.75160 3.14974 -1.56256
68.85600 294.29006 71.00000 382.67823 3.14974 -1.56256
68.87300 294.28916 71.00000 382.60487 3.14974 -1.56256
68.88900 294.28831 71.00000 382.53582 3.14974 -1.56256
68.90600 294.28739 71.00000 382.46245 3.14974 -1.56256
68.92300 294.28649 71.00000 382.38909 3.14974 -1.56256
68.93900 294.28564 71.00000 382.32004 3.14974 -1.56256
68.95600 294.28472 71.00000 382.24667 3.14974 -1.56256
68.97300 294.28382 71.00000 382.17331 3.14974 -1.56256
68.98900 294.28297 71.00000 382.10427 3.14974 -1.56256
69.00700 294.28205 71.00000 382.03089 3.14974 -1.56256
69.02400 294.28116 71.00000 381.95754 3.14974 -1.56256
69.04000 294.28030 71.00000 381.88849 3.14974 -1.56256
69.05600 294.27939 71.00000 381.81511 3.14974 -1.56256
69.07400 294.27849 71.00000 381.74176 3.14974 -1.56256
69.08900 294.27763 71.00000 381.67271 3.14974 -1.56256
69.10700 294.27672 71.00000 381.59933 3.14974 -1.56256
69.12300 294.27582 71.00000 381.52598 3.14974 -1.56256
69.13900 294.27497 71.00000 381.45693 3.14974 -1.56256
69.15600 294.27405 71.00000 381.38355 3.14974 -1.56256
69.17300 294.27315 71.00000 381.31020 3.14974 -1.56256
69.18900 294.27251 71.00000 381.24899 3.14974 -1.56256
69.20700 294.27250 71.00000 381.20892 3.14974 -1.56256
69.22300 294.27251 71.00000 381.16887 3.14974 -1.56256
69.23900 294.27251 71.00000 381.13545 3.14974 -1.56256
69.25600 294.27250 71.00000 381.11357 3.14974 -1.56256
69.27300 294.27251 71.00000 381.09171 3.14974 -1.56256
69.28900 294.27251 71.00000 381.07346 3.14974 -1.56256
69.30600 294.27250 71.00000 381.06151 3.14974 -1.56256
69.32300 294.27251 71.00000 381.04958 3.14974 -1.56256
69.33900 294.27251 71.00000 381.03961 3.14974 -1.56256
69.35600 294.27250 71.00000 381.03308 3.14974 -1.56256
69.37300 294.27251 71.00000 381.02657 3.14974 -1.56256
69.38900 294.27251 71.00000 381.02113 3.14974 -1.56256
69.40600 294.27250 71.00000 381.01756 3.14974 -1.56256
69.42300 294.27251 71.00000 381.01401 3.14974 -1.56256
69.43900 294.27251 71.00000 381.01104 3.14974 -1.56256
69.45700 294.27250 71.00000 381.00909 3.14974 -1.56256
69.47300 294.27251 71.00000 381.00715 3.14974 -1.56256
69.48900 294.27251 71.00000 381.00553 3.14974 -1.56256
69.50600 294.27250 71.00000 381.00446 3.14974 -1.56256
69.52300 294.27251 71.00000 381.00341 3.14974 -1.56256
69.53900 294.27251 71.00000 381.00266 3.14974 -1.56256
69.55600 294.27250 71.00000 381.00265 3.14974 -1.56256
69.57300 294.27251 71.00000 381.00266 3.14974 -1.56256
69.58900 294.27251 71.00000 381.00266 3.14974 -1.56256
69.60600 294.27250 71.00000 381.00265 3.14974 -1.56256
69.62500 294.27251 71.00000 381.00266 3.14974 -1.56256
69.65700 294.27250 71.00000 381.00265 3.14974 -1.56256
69.67400 294.27251 71.00000 381.00266 3.14974 -1.56256
69.68900 294.27251 71.00000 381.00266 3.14974 -1.56256
69.70600 294.27250 71.00000 381.00265 3.14974 -1.56256
69.72300 294.27251 71.00000 381.00266 3.14974 -1.56256
69.73900 294.27251 71.00000 381.00266 3.14974 -1.56256
69.75800 294.27250 71.00000 381.00265 3.14974 -1.56256
69.77400 294.27251 71.00000 381.00266 3.14974 -1.56256
69.79500 294.27250 71.00000 381.00265 3.14974 -1.56256
69.82300 294.27251 71.00000 381.00266 3.14974 -1.56256
69.83900 294.27251 71.00000 381.00266 3.14974 -1.56256
69.85600 294.27250 71.00000 381.00265 3.14974 -1.56256
69.87300 294.27251 71.00000 381.00266 3.14974 -1.56256
69.88900 294.27251 71.00000 381.00266 3.14974 -1.56256
69.90600 294.27250 71.00000 381.00265 3.14974 -1.56256
69.92200 294.27251 71.00000 381.00266 3.14974 -1.56256
69.93900 294.27251 71.00000 381.00266 3.14974 -1.56256
69.95600 294.27250 71.00000 381.00265 3.14974 -1.56256
69.97300 294.27251 71.00000 381.00266 3.14974 -1.56256
69.98900 294.27251 71.00000 381.00266 3.14974 -1.56256
70.00600 294.27250 71.00000 381.00265 3.14974 -1.56256
70.02300 294.27251 71.00000 381.00266 3.14974 -1.56256
70.03900 294.27251 71.00000 381.00266 3.14974 -1.56256
70.05600 294.27250 71.00000 381.00265 3.14974 -1.56256
70.07300 294.27251 71.00000 381.00266 3.14974 -1.56256
70.08900 294.27251 71.00000 381.00266 3.14974 -1.56256
70.10600 294.27250 71.00000 381.00265 3.14974 -1.56256
70.12300 294.27251 71.00000 381.00266 3.14974 -1.56256
70.13900 294.27251 71.00000 381.00266 3.14974 -1.56256
70.15600 294.27250 71.00000 381.00265 3.14974 -1.56256
70.17300 294.27251 71.00000 381.00266 3.14974 -1.56256
70.18900 294.28035 71.00000 381.00245 3.14974 -1.56256
70.20600 294.31365 71.00000 381.00153 3.14974 -1.56256
70.22200 294.34696 71.00000 381.00063 3.14974 -1.56256
70.23900 294.38259 71.00000 380.99978 3.14974 -1.56256
70.25600 294.43408 71.00000 380.99886 3.14974 -1.56256
70.27300 294.48558 71.00000 380.99797 3.14974 -1.56256
70.28900 294.53638 71.00000 380.99711 3.14974 -1.56256
70.30600 294.59779 71.00000 380.99619 3.14974 -1.56256
70.32300 294.65923 71.00000 380.99530 3.14974 -1.56256
70.33900 294.71047 71.00000 380.99466 3.14974 -1.56256
70.35500 294.74400 71.00000 380.99465 3.14974 -1.56256
70.37300 294.77755 71.00000 380.99466 3.14974 -1.56256
70.38900 294.80553 71.00000 380.99466 3.14974 -1.56256
70.40600 294.82383 71.00000 380.99465 3.14974 -1.56256
70.42300 294.84215 71.00000 380.99466 3.14974 -1.56256
70.43900 294.85743 71.00000 380.99466 3.14974 -1.56256
70.45600 294.86742 71.00000 380.99465 3.14974 -1.56256
70.47400 294.87743 71.00000 380.99466 3.14974 -1.56256
70.48900 294.88577 71.00000 380.99466 3.14974 -1.56256
70.50600 294.89122 71.00000 380.99465 3.14974 -1.56256
70.52300 294.89669 71.00000 380.99466 3.14974 -1.56256
70.53900 294.89340 71.00000 380.99487 3.14974 -1.56256
70.55600 294.86307 71.00000 380.99577 3.14974 -1.56256
70.57300 294.83275 71.00000 380.99668 3.14974 -1.56256
70.58900 294.80194 71.00000 381.00313 3.14974 -1.56256
70.60700 294.76200 71.00000 381.02781 3.14974 -1.56256
70.62300 294.72207 71.00000 381.05251 3.14974 -1.56256
70.63900 294.68896 71.00000 381.08094 3.14974 -1.56256
70.65600 294.66806 71.00000 381.12772 3.14974 -1.56256
70.67300 294.64717 71.00000 381.17452 3.14974 -1.56256
70.68900 294.62994 71.00000 381.22139 3.14974 -1.56256
70.70700 294.61943 71.00000 381.28023 3.14974 -1.56256
70.72200 294.60894 71.00000 381.33910 3.14974 -1.56256
70.73900 294.60039 71.00000 381.39604 3.14974 -1.56256
70.75600 294.59555 71.00000 381.46147 3.14974 -1.56256
70.77300 294.59073 71.00000 381.52692 3.14974 -1.56256
70.78900 294.58692 71.00000 381.58936 3.14974 -1.56256
70.80600 294.58518 71.00000 381.65839 3.14974 -1.56256
70.82300 294.58346 71.00000 381.72744 3.14974 -1.56256
70.83900 294.58245 71.00000 381.79288 3.14974 -1.56256
70.85600 294.58335 71.00000 381.86387 3.14974 -1.56256
70.87300 294.58427 71.00000 381.93488 3.14974 -1.56256
70.88900 294.58491 71.00000 381.99413 3.14974 -1.56256
70.90500 294.58490 71.00000 382.03288 3.14974 -1.56256
70.92600 294.58491 71.00000 382.10401 3.14974 -1.56256
70.95600 294.58490 71.00000 382.12516 3.14974 -1.56256
70.97200 294.58491 71.00000 382.14634 3.14974 -1.56256
70.98900 294.58491 71.00000 382.16400 3.14974 -1.56256
71.00600 294.58490 71.00000 382.17555 3.14974 -1.56256
71.02300 294.58491 71.00000 382.18712 3.14974 -1.56256
71.03900 294.58491 71.00000 382.19676 3.14974 -1.56256
71.05600 294.58490 71.00000 382.20306 3.14974 -1.56256
71.07300 294.58491 71.00000 382.20938 3.14974 -1.56256
71.08900 294.57707 71.00000 382.21486 3.14974 -1.56256
71.10600 294.54375 71.00000 382.21920 3.14974 -1.56256
71.12300 294.51045 71.00000 382.22356 3.14974 -1.56256
71.13900 294.47483 71.00000 382.22741 3.14974 -1.56256
71.15600 294.42332 71.00000 382.23068 3.14974 -1.56256
71.17300 294.37184 71.00000 382.23397 3.14974 -1.56256
71.18900 294.32888 71.00000 382.23671 3.14974 -1.56256
71.20600 294.30075 71.00000 382.23850 3.14974 -1.56256
71.22300 294.27264 71.00000 382.24030 3.14974 -1.56256
71.24000 294.24919 71.00000 382.24156 3.14974 -1.56256
71.25700 294.23383 71.00000 382.24155 3.14974 -1.56256
71.27400 294.21848 71.00000 382.24156 3.14974 -1.56256
71.29000 294.20568 71.00000 382.24156 3.14974 -1.56256
71.30700 294.19729 71.00000 382.24155 3.14974 -1.56256
71.32400 294.18891 71.00000 382.24156 3.14974 -1.56256
71.33900 294.18976 71.00000 382.24135 3.14974 -1.56256
71.35600 294.21848 71.00000 382.24043 3.14974 -1.56256
71.37400 294.24722 71.00000 382.23954 3.14974 -1.56256
71.39000 294.27119 71.00000 382.23890 3.14974 -1.56256
71.40600 294.28687 71.00000 382.23889 3.14974 -1.56256
71.42400 294.30257 71.00000 382.23890 3.14974 -1.56256
71.43900 294.31565 71.00000 382.23890 3.14974 -1.56256
71.45700 294.32421 71.00000 382.23889 3.14974 -1.56256
71.47400 294.33278 71.00000 382.23890 3.14974 -1.56256
71.48900 294.33993 71.00000 382.23890 3.14974 -1.56256
71.50600 294.34460 71.00000 382.23889 3.14974 -1.56256
71.52300 294.34928 71.00000 382.23890 3.14974 -1.56256
71.54200 294.35573 71.00000 382.23889 3.14974 -1.56256
71.57700 294.36042 71.00000 382.23890 3.14974 -1.56256
71.60600 294.36181 71.00000 382.23889 3.14974 -1.56256
71.62300 294.36321 71.00000 382.23890 3.14974 -1.56256
71.63900 294.36420 71.03360 382.23890 3.14974 -1.56256
71.65600 294.36419 71.17640 382.23889 3.14974 -1.56256
71.67300 294.36420 71.31920 382.23890 3.14974 -1.56256
71.68900 294.36420 71.44666 382.23890 3.14974 -1.56256
71.70700 294.36419 71.55994 382.23889 3.14974 -1.56256
71.72300 294.36420 71.67323 382.23890 3.14974 -1.56256
71.73900 294.36420 71.77305 382.23890 3.14974 -1.56256
71.75600 294.36419 71.85742 382.23889 3.14974 -1.56256
71.77400 294.36420 71.94178 382.23890 3.14974 -1.56256
71.79000 294.36420 72.01452 382.23890 3.14974 -1.56256
71.80600 294.36419 72.07054 382.23889 3.14974 -1.56256
71.82200 294.36420 72.12656 382.23890 3.14974 -1.56256
71.84000 294.36420 72.17276 382.23890 3.14974 -1.56256
71.85700 294.36419 72.20100 382.23889 3.14974 -1.56256
71.87300 294.36420 72.22925 382.23890 3.14974 -1.56256
71.88900 294.36420 72.24943 382.23890 3.14974 -1.56256
71.90600 294.36419 72.25045 382.23889 3.14974 -1.56256
71.92300 294.36420 72.25148 382.23890 3.14974 -1.56256
71.93900 294.36420 72.24617 382.23890 3.14974 -1.56256
71.95600 294.36419 72.22051 382.23889 3.14974 -1.56256
71.97300 294.36420 72.19487 382.23890 3.14974 -1.56256
71.99000 294.36420 72.16457 382.23890 3.14974 -1.56256
72.00600 294.36419 72.11278 382.23889 3.14974 -1.56256
72.02300 294.36420 72.06098 382.23890 3.14974 -1.56256
72.03900 294.36420 72.00621 382.23890 3.14974 -1.56256
72.05600 294.36419 71.92879 382.23889 3.14974 -1.56256
72.07300 294.36420 71.85138 382.23890 3.14974 -1.56256
72.08900 294.36420 71.77261 382.23890 3.14974 -1.56256
72.10500 294.36419 71.67009 382.23889 3.14974 -1.56256
72.12300 294.36420 71.56757 382.23890 3.14974 -1.56256
72.13900 294.36420 71.46529 382.23890 3.14974 -1.56256
72.15600 294.36419 71.33816 382.23889 3.14974 -1.56256
72.17300 294.36420 71.21103 382.23890 3.14974 -1.56256
72.18900 294.36420 71.11159 382.23890 3.14974 -1.56256
72.20600 294.36419 71.07035 382.23889 3.14974 -1.56256
72.22300 294.36420 71.02911 382.23890 3.14974 -1.56256
72.23900 294.36420 71.03360 382.23890 3.14974 -1.56256
72.25600 294.36419 71.17640 382.23889 3.14974 -1.56256
72.27300 294.36420 71.31920 382.23890 3.14974 -1.56256
72.28900 294.36420 71.44666 382.23890 3.14974 -1.56256
72.30500 294.36419 71.55994 382.23889 3.14974 -1.56256
72.32300 294.36420 71.67323 382.23890 3.14974 -1.56256
72.33900 294.36420 71.77305 382.23890 3.14974 -1.56256
72.35600 294.36419 71.85742 382.23889 3.14974 -1.56256
72.37300 294.36420 71.94178 382.23890 3.14974 -1.56256
72.38900 294.36420 72.01452 382.23890 3.14974 -1.56256
72.40600 294.36419 72.07054 382.23889 3.14974 -1.56256
72.42300 294.36420 72.12656 382.23890 3.14974 -1.56256
72.43900 294.36420 72.17276 382.23890 3.14974 -1.56256
72.45600 294.36419 72.20100 382.23889 3.14974 -1.56256
72.47300 294.36420 72.22925 382.23890 3.14974 -1.56256
72.48900 294.36420 72.24943 382.23890 3.14974 -1.56256
72.50700 294.36419 72.25045 382.23889 3.14974 -1.56256
72.52300 294.36420 72.25148 382.23890 3.14974 -1.56256
72.53900 294.36420 72.24617 382.23890 3.14974 -1.56256
72.55600 294.36419 72.22051 382.23889 3.14974 -1.56256
72.57400 294.36420 72.19487 382.23890 3.14974 -1.56256
72.58900 294.36420 72.16457 382.23890 3.14974 -1.56256
72.60500 294.36419 72.11278 382.23889 3.14974 -1.56256
72.62300 294.36420 72.06098 382.23890 3.14974 -1.56256
72.63900 294.36420 72.00621 382.23890 3.14974 -1.56256
72.65600 294.36419 71.92879 382.23889 3.14974 -1.56256
72.67300 294.36420 71.85138 382.23890 3.14974 -1.56256
72.68900 294.36420 71.77261 382.23890 3.14974 -1.56256
72.70600 294.36419 71.67009 382.23889 3.14974 -1.56256
72.72300 294.36420 71.56757 382.23890 3.14974 -1.56256
72.73900 294.36420 71.46529 382.23890 3.14974 -1.56256
72.75500 294.36419 71.33816 382.23889 3.14974 -1.56256
72.77300 294.36420 71.21103 382.23890 3.14974 -1.56256
72.79000 294.36420 71.11159 382.23890 3.14974 -1.56256
72.80600 294.36419 71.07035 382.23889 3.14974 -1.56256
72.82400 294.36420 71.02911 382.23890 3.14974 -1.56256
72.83900 294.36420 71.00000 382.23890 3.14974 -1.56256
72.85600 294.36419 71.00000 382.23889 3.14974 -1.56256
72.87600 294.36420 71.00000 382.23890 3.14974 -1.56256
72.90600 294.36419 71.00000 382.23889 3.14974 -1.56256
72.92300 294.36420 71.00000 382.23890 3.14974 -1.56256
72.93800 294.36420 71.00000 382.23890 3.14974 -1.56256
72.95600 294.36419 71.00000 382.23889 3.14974 -1.56256
72.97300 294.36420 71.00000 382.23890 3.14974 -1.56256
72.98800 294.36420 71.00000 382.23890 3.14974 -1.56256
73.00600 294.36419 71.00000 382.23889 3.14974 -1.56256
73.02300 294.36420 71.00000 382.23890 3.14974 -1.56256
73.03900 294.36420 71.00000 382.23890 3.14974 -1.56256
73.05600 294.36419 71.00000 382.23889 3.14974 -1.56256
73.07300 294.36420 71.00000 382.23890 3.14974 -1.56256
73.08900 294.35636 71.00000 382.23911 3.14974 -1.56256
73.10600 294.32304 71.00000 382.24001 3.14974 -1.56256
73.12300 294.28974 71.00000 382.24092 3.14974 -1.56256
73.13900 294.25412 71.00000 382.24178 3.14974 -1.56256
73.15700 294.20261 71.00000 382.24267 3.14974 -1.56256
73.17500 294.15113 71.00000 382.24359 3.14974 -1.56256
73.20800 294.03890 71.00000 382.24534 3.14974 -1.56256
73.22400 293.97748 71.00000 382.24626 3.14974 -1.56256
73.24000 293.91840 71.00000 382.24711 3.14974 -1.56256
73.25600 293.85154 71.00000 382.24801 3.14974 -1.56256
73.27300 293.78471 71.00000 382.24893 3.14974 -1.56256
73.29200 293.72110 71.00000 382.24978 3.14974 -1.56256
73.32200 293.58149 71.00000 382.25160 3.14974 -1.56256
73.33900 293.51541 71.00000 382.25245 3.14974 -1.56256
73.35600 293.44398 71.00000 382.25335 3.14974 -1.56256
73.37200 293.37257 71.00000 382.25426 3.14974 -1.56256
73.38900 293.31298 71.00000 382.25491 3.14974 -1.56256
73.40600 293.27397 71.00000 382.25489 3.14974 -1.56256
73.42300 293.23498 71.00000 382.25491 3.14974 -1.56256
73.43900 293.20245 71.00000 382.25491 3.14974 -1.56256
73.45600 293.18115 71.00000 382.25489 3.14974 -1.56256
73.47300 293.15986 71.00000 382.25491 3.14974 -1.56256
73.48900 293.14210 71.00000 382.25491 3.14974 -1.56256
73.50600 293.13047 71.00000 382.25489 3.14974 -1.56256
73.52400 293.11885 71.00000 382.25491 3.14974 -1.56256
73.53900 293.10915 71.00000 382.25491 3.14974 -1.56256
73.55600 293.10279 71.00000 382.25489 3.14974 -1.56256
73.57300 293.09645 71.00000 382.25491 3.14974 -1.56256
73.58900 293.09116 71.00000 382.25491 3.14974 -1.56256
73.60600 293.08768 71.00000 382.25489 3.14974 -1.56256
73.62300 293.08423 71.00000 382.25491 3.14974 -1.56256
73.63900 293.08134 71.00000 382.25491 3.14974 -1.56256
73.65600 293.07943 71.00000 382.25489 3.14974 -1.56256
73.67300 293.07755 71.00000 382.25491 3.14974 -1.56256
73.69500 293.07493 71.00000 382.25489 3.14974 -1.56256
73.72300 293.07391 71.00000 382.25491 3.14974 -1.56256
73.73900 293.07318 71.00000 382.25491 3.14974 -1.56256
73.75600 293.07317 71.00000 382.25489 3.14974 -1.56256
73.77200 293.07318 71.00000 382.25491 3.14974 -1.56256
73.78900 293.07318 71.00000 382.25491 3.14974 -1.56256
73.80600 293.07317 71.00000 382.25489 3.14974 -1.56256
73.82300 293.07318 71.00000 382.25491 3.14974 -1.56256
73.83800 293.07318 71.00000 382.25491 3.14974 -1.56256
73.85600 293.07317 71.00000 382.25489 3.14974 -1.56256
73.87300 293.07318 71.00000 382.25491 3.14974 -1.56256
73.88900 293.07318 71.00000 382.25491 3.14974 -1.56256
73.91300 293.07318 71.00000 382.25491 3.14974 -1.56256
73.93800 293.07318 71.00000 382.25491 3.14974 -1.56256
73.95500 293.07317 71.00000 382.25489 3.14974 -1.56256
73.97200 293.07318 71.00000 382.25491 3.14974 -1.56256
73.98800 293.07318 71.00000 382.25491 3.14974 -1.56256
74.00500 293.07317 71.00000 382.25489 3.14974 -1.56256
74.02400 293.07318 71.00000 382.25491 3.14974 -1.56256
74.03700 293.07318 71.00000 382.25491 3.14974 -1.56256
74.05400 293.07317 71.00000 382.25489 3.14974 -1.56256
74.07200 293.07318 71.00000 382.25491 3.14974 -1.56256
74.08800 293.07318 71.00000 382.25491 3.14974 -1.56256
74.10500 293.07317 71.00000 382.25489 3.14974 -1.56256
74.12200 293.07318 71.00000 382.25491 3.14974 -1.56256
74.13800 293.07318 71.00000 382.25491 3.14974 -1.56256
74.15400 293.07317 71.00000 382.25489 3.14974 -1.56256
74.17200 293.07318 71.00000 382.25491 3.14974 -1.56256
74.18900 293.07318 71.00000 382.25491 3.14974 -1.56256
74.20500 293.07317 71.00000 382.25489 3.14974 -1.56256
74.22300 293.07318 71.00000 382.25491 3.14974 -1.56256
74.23700 293.07318 71.00000 382.25491 3.14974 -1.56256
74.25700 293.07317 71.00000 382.25489 3.14974 -1.56256
74.27300 293.07318 71.00000 382.25491 3.14974 -1.56256
74.29000 293.07318 71.00000 382.25491 3.14974 -1.56256
74.30700 293.07317 71.00000 382.25489 3.14974 -1.56256
74.32400 293.07318 71.00000 382.25491 3.14974 -1.56256
74.34100 293.07318 71.00000 382.25491 3.14974 -1.56256
74.35700 293.07317 71.00000 382.25489 3.14974 -1.56256
74.37400 293.07318 71.00000 382.25491 3.14974 -1.56256
74.38900 293.07318 71.00000 382.25491 3.14974 -1.56256
74.40600 293.07317 71.00000 382.25489 3.14974 -1.56256
74.42200 293.07318 71.00000 382.25491 3.14974 -1.56256
74.43800 293.07318 71.00000 382.25491 3.14974 -1.56256
74.45500 293.07317 71.00000 382.25489 3.14974 -1.56256
74.47100 293.07318 71.00000 382.25491 3.14974 -1.56256
74.48800 293.07318 71.00000 382.25491 3.14974 -1.56256
74.50500 293.07317 71.00000 382.25489 3.14974 -1.56256
74.52200 293.07318 71.00000 382.25491 3.14974 -1.56256
74.53800 293.07318 71.00000 382.25491 3.14974 -1.56256
74.55400 293.07317 71.00000 382.25489 3.14974 -1.56256
74.57100 293.07318 71.00000 382.25491 3.14974 -1.56256
74.59000 293.07318 71.00000 382.25491 3.14974 -1.56256
