0 62 75 77 4 1 4
1 62 75 77 4 1 4
2 62 75 77 4 1 4
3 62 75 77 4 1 4
4 62 75 77 4 1 4
5 62 75 77 4 1 4
6 62 75 77 4 1 4
7 62 75 77 4 1 4
8 62 75 77 4 1 4
9 62 75 77 4 1 4
10 62 75 77 4 1 4
11 62 75 77 4 1 4
12 62 75 77 4 1 4
13 62 75 77 4 1 4
14 62 75 77 4 1 4
15 62 75 77 4 1 4
16 62 75 77 4 1 4
17 62 75 77 4 1 4
18 62 75 77 4 1 4
19 62 75 77 4 1 4
20 62 75 77 4 1 4
21 62 75 77 4 1 4
22 62 75 77 4 1 4
23 62 75 77 4 1 4
24 62 75 77 4 1 4
25 62 75 77 4 1 4
26 62 75 77 4 1 4
27 62 75 77 4 1 4
28 62 75 77 4 1 4
29 62 75 77 4 1 4
30 62 75 77 4 1 4
31 62 75 77 4 1 4
32 62 75 77 4 1 4
33 62 75 77 4 1 4
34 62 75 77 4 1 4
35 62 75 77 4 1 4
36 62 75 77 4 1 4
37 62 75 77 4 1 4
38 62 75 77 4 1 4
39 62 75 77 4 1 4
40 62 75 77 4 1 4
41 62 75 77 4 1 4
42 62 75 77 4 1 4
43 62 75 77 4 1 4
44 62 75 77 4 1 4
45 62 75 77 4 1 4
46 62 75 77 4 1 4
47 62 75 77 4 1 4
48 62 75 77 4 1 4
49 62 75 77 4 1 4
50 62 75 77 4 1 4
51 62 75 77 4 1 4
52 62 75 77 4 1 4
53 62 75 77 4 1 4
54 62 75 77 4 1 4
55 62 75 77 4 1 4
56 62 75 77 4 1 4
57 62 75 77 4 1 4
58 62 75 77 4 1 4
59 62 75 77 4 1 4
60 62 75 77 4 1 4
61 62 75 77 4 1 4
62 62 75 77 4 1 4
63 62 75 77 4 1 4
64 62 75 77 4 1 4
65 62 75 77 4 1 4
66 62 75 77 4 1 4
67 62 75 77 4 1 4
68 62 75 77 4 1 4
69 62 75 77 4 1 4
70 62 75 77 4 1 4
71 62 75 77 4 1 4
72 62 75 77 4 1 4
73 62 75 77 4 1 4
74 62 75 77 4 1 4
75 62 75 77 4 1 4
76 62 75 77 4 1 4
77 62 75 77 4 1 4
78 62 75 77 4 1 4
79 62 75 77 4 1 4
80 62 75 77 4 1 4
81 62 75 77 4 1 4
82 62 75 77 4 1 4
83 62 75 77 4 1 4
84 62 75 77 4 1 4
85 62 75 77 4 1 4
86 62 75 77 4 1 4
87 62 75 77 4 1 4
88 62 75 77 4 1 4
89 62 75 77 4 1 4
90 62 75 77 4 1 4
91 62 75 77 4 1 4
92 62 75 77 4 1 4
93 62 75 77 4 1 4
94 62 75 77 4 1 4
95 62 75 77 4 1 4
96 62 75 77 4 1 4
97 62 75 77 4 1 4
98 62 75 77 4 1 4
99 62 75 77 4 1 4
100 62 75 77 4 1 4
101 62 75 77 4 1 4
102 62 75 77 4 1 4
103 62 75 77 4 1 4
104 62 75 77 4 1 4
105 62 75 77 4 1 4
106 62 75 77 4 1 4
107 62 75 77 4 1 4
108 62 75 77 4 1 4
109 62 75 77 4 1 4
110 62 75 77 4 1 4
111 62 75 77 4 1 4
112 62 75 77 4 1 4
113 62 75 77 4 1 4
114 62 75 77 4 1 4
115 62 75 77 4 1 4
116 62 75 77 4 1 4
117 62 75 77 4 1 4
118 62 75 77 4 1 4
119 62 75 77 4 1 4
120 62 75 77 4 1 4
121 62 75 77 4 1 4
122 62 75 77 4 1 4
123 62 75 77 4 1 4
124 62 75 77 4 1 4
125 62 75 77 4 1 4
126 62 75 77 4 1 4
127 62 75 77 4 1 4
128 62 75 77 4 1 4
129 62 75 77 4 1 4
130 62 75 77 4 1 4
131 62 75 77 4 1 4
132 62 75 77 4 1 4
133 62 75 77 4 1 4
134 62 75 77 4 1 4
135 62 75 77 4 1 4
136 62 75 77 4 1 4
137 62 75 77 4 1 4
138 62 75 77 4 1 4
139 62 75 77 4 1 4
140 62 75 77 4 1 4
141 62 75 77 4 1 4
142 62 75 77 4 1 4
143 62 75 77 4 1 4
144 62 75 77 4 1 4
145 62 75 77 4 1 4
146 62 75 77 4 1 4
147 62 75 77 4 1 4
148 62 75 77 4 1 4
149 62 75 77 4 1 4
150 62 75 77 4 1 4
151 62 75 77 4 1 4
152 62 75 77 4 1 4
153 62 75 77 4 1 4
154 62 75 77 4 1 4
155 62 75 77 4 1 4
156 62 75 77 4 1 4
157 62 75 77 4 1 4
158 62 75 77 4 1 4
159 62 75 77 4 1 4
160 62 75 77 4 1 4
161 62 75 77 4 1 4
162 62 75 77 4 1 4
163 62 75 77 4 1 4
164 62 75 77 4 1 4
165 62 75 77 4 1 4
166 62 75 77 4 1 4
167 62 75 77 4 1 4
168 62 75 77 4 1 4
169 62 75 77 4 1 4
170 62 75 77 4 1 4
171 62 75 77 4 1 4
172 62 75 77 4 1 4
173 62 75 77 4 1 4
174 62 75 77 4 1 4
175 62 75 77 4 1 4
176 62 75 77 4 1 4
177 62 75 77 4 1 4
178 62 75 77 4 1 4
179 62 75 77 4 1 4
180 62 75 77 4 1 4
181 62 75 77 4 1 4
182 62 75 77 4 1 4
183 62 75 77 4 1 4
184 62 75 77 4 1 4
185 62 75 77 4 1 4
186 62 75 77 4 1 4
187 62 75 77 4 1 4
188 62 75 77 4 1 4
189 62 75 77 4 1 4
190 62 75 77 4 1 4
191 62 75 77 4 1 4
192 62 75 77 4 1 4
193 62 75 77 4 1 4
194 62 75 77 4 1 4
195 62 75 77 4 1 4
196 62 75 77 4 1 4
197 62 75 77 4 1 4
198 62 75 77 4 1 4
199 62 75 77 4 1 4
200 62 75 77 4 1 4
201 62 75 77 4 1 4
202 62 75 77 4 1 4
203 62 75 77 4 1 4
204 62 75 77 4 1 4
205 62 75 77 4 1 4
206 62 75 77 4 1 4
207 62 75 77 4 1 4
208 62 75 77 4 1 4
209 62 75 77 4 1 4
210 62 75 77 4 1 4
211 62 75 77 4 1 4
212 62 75 77 4 1 4
213 62 75 77 4 1 4
214 62 75 77 4 1 4
215 62 75 77 4 1 4
216 62 75 77 4 1 4
217 62 75 77 4 1 4
218 62 75 77 4 1 4
219 62 75 77 4 1 4
220 62 75 77 4 1 4
221 62 75 77 4 1 4
222 62 75 77 4 1 4
223 62 75 77 4 1 4
224 62 75 77 4 1 4
225 62 75 77 4 1 4
226 62 75 77 4 1 4
227 62 75 77 4 1 4
228 62 75 77 4 1 4
229 62 75 77 4 1 4
230 62 75 77 4 1 4
231 62 75 77 4 1 4
232 62 75 77 4 1 4
233 62 75 77 4 1 4
234 62 75 77 4 1 4
235 62 75 77 4 1 4
236 62 75 77 4 1 4
237 62 75 77 4 1 4
238 62 75 77 4 1 4
239 62 75 77 4 1 4
240 62 75 77 4 1 4
241 62 75 77 4 1 4
242 62 75 77 4 1 4
243 62 75 77 4 1 4
244 62 75 77 4 1 4
245 62 75 77 4 1 4
246 62 75 77 4 1 4
247 62 75 77 4 1 4
248 62 75 77 4 1 4
249 62 75 77 4 1 4
250 62 75 77 4 1 4
251 62 75 77 4 1 4
252 62 75 77 4 1 4
253 62 75 77 4 1 4
254 62 75 77 4 1 4
255 62 75 77 4 1 4
