0 0 1 44
0 1 -1 5
0 2 -1 5
0 3 -1 5
0 4 -2 11
0 5 -1 5
0 6 -1 5
0 7 -1 5

1 1 1 44
1 0 -1 5
1 2 -1 5
1 3 -1 5
1 4 -1 5
1 5 -2 11
1 6 -1 5
1 7 -1 5

2 2 1 44
2 0 -1 5
2 1 -1 5
2 3 -1 5
2 4 -1 5
2 5 -1 5
2 6 -2 11
2 7 -1 5

3 3 1 44
3 0 -1 5
3 1 -1 5
3 2 -1 5
3 4 -1 5
3 5 -1 5
3 6 -1 5
3 7 -2 11

4 4 1 44
4 0 -2 11
4 1 -1 5
4 2 -1 5
4 3 -1 5
4 5 -1 5
4 6 -1 5
4 7 -1 5

5 5 1 44
5 0 -1 5
5 1 -2 11
5 2 -1 5
5 3 -1 5
5 4 -1 5
5 6 -1 5
5 7 -1 5

6 6 1 44
6 0 -1 5
6 1 -1 5
6 2 -2 11
6 3 -1 5
6 4 -1 5
6 5 -1 5
6 7 -1 5

7 7 1 44
7 0 -1 5
7 1 -1 5
7 2 -1 5
7 3 -2 11
7 4 -1 5
7 5 -1 5
7 6 -1 5

