5.000000000000000000e+00 5.000000000000000000e+00 1.000000000000000000e+00 1.000000000000000000e+00 -1.750518845524274170e+01 -1.283713820051134391e+01 2.000000000000000000e+01 2.000000000000000000e+01
5.000000000000000000e+00 1.500000000000000000e+01 1.000000000000000000e+00 1.000000000000000000e+00 -1.750518845524274170e+01 -1.050311307314564679e+01 2.000000000000000000e+01 2.000000000000000000e+01
5.000000000000000000e+00 2.500000000000000000e+01 1.000000000000000000e+00 1.000000000000000000e+00 -1.750518845524274170e+01 -8.169087945779946125e+00 2.000000000000000000e+01 2.000000000000000000e+01
5.000000000000000000e+00 3.500000000000000000e+01 1.000000000000000000e+00 1.000000000000000000e+00 -1.750518845524274170e+01 -5.835062818414248120e+00 2.000000000000000000e+01 2.000000000000000000e+01
5.000000000000000000e+00 4.500000000000000000e+01 1.000000000000000000e+00 1.000000000000000000e+00 -1.750518845524274170e+01 -3.501037691048549672e+00 2.000000000000000000e+01 2.000000000000000000e+01
5.000000000000000000e+00 5.500000000000000000e+01 1.000000000000000000e+00 1.000000000000000000e+00 -1.750518845524274170e+01 -1.167012563682849891e+00 2.000000000000000000e+01 2.000000000000000000e+01
5.000000000000000000e+00 6.500000000000000000e+01 1.000000000000000000e+00 1.000000000000000000e+00 -1.750518845524274170e+01 1.167012563682847670e+00 2.000000000000000000e+01 2.000000000000000000e+01
5.000000000000000000e+00 7.500000000000000000e+01 1.000000000000000000e+00 1.000000000000000000e+00 -1.750518845524274170e+01 3.501037691048547451e+00 2.000000000000000000e+01 2.000000000000000000e+01
5.000000000000000000e+00 8.500000000000000000e+01 1.000000000000000000e+00 1.000000000000000000e+00 -1.750518845524274170e+01 5.835062818414247232e+00 2.000000000000000000e+01 2.000000000000000000e+01
5.000000000000000000e+00 9.500000000000000000e+01 1.000000000000000000e+00 1.000000000000000000e+00 -1.750518845524274170e+01 8.169087945779946125e+00 2.000000000000000000e+01 2.000000000000000000e+01
5.000000000000000000e+00 1.050000000000000000e+02 1.000000000000000000e+00 1.000000000000000000e+00 -1.750518845524274170e+01 1.050311307314564147e+01 2.000000000000000000e+01 2.000000000000000000e+01
5.000000000000000000e+00 1.150000000000000000e+02 1.000000000000000000e+00 1.000000000000000000e+00 -1.750518845524274170e+01 1.283713820051134213e+01 2.000000000000000000e+01 2.000000000000000000e+01
1.500000000000000000e+01 5.000000000000000000e+00 1.000000000000000000e+00 1.000000000000000000e+00 -1.517116332787704280e+01 -1.283713820051134391e+01 2.000000000000000000e+01 2.000000000000000000e+01
1.500000000000000000e+01 1.500000000000000000e+01 1.000000000000000000e+00 1.000000000000000000e+00 -1.517116332787704280e+01 -1.050311307314564679e+01 2.000000000000000000e+01 2.000000000000000000e+01
1.500000000000000000e+01 2.500000000000000000e+01 1.000000000000000000e+00 1.000000000000000000e+00 -1.517116332787704280e+01 -8.169087945779946125e+00 2.000000000000000000e+01 2.000000000000000000e+01
1.500000000000000000e+01 3.500000000000000000e+01 1.000000000000000000e+00 1.000000000000000000e+00 -1.517116332787704280e+01 -5.835062818414248120e+00 2.000000000000000000e+01 2.000000000000000000e+01
1.500000000000000000e+01 4.500000000000000000e+01 1.000000000000000000e+00 1.000000000000000000e+00 -1.517116332787704280e+01 -3.501037691048549672e+00 2.000000000000000000e+01 2.000000000000000000e+01
1.500000000000000000e+01 5.500000000000000000e+01 1.000000000000000000e+00 1.000000000000000000e+00 -1.517116332787704280e+01 -1.167012563682849891e+00 2.000000000000000000e+01 2.000000000000000000e+01
1.500000000000000000e+01 6.500000000000000000e+01 1.000000000000000000e+00 1.000000000000000000e+00 -1.517116332787704280e+01 1.167012563682847670e+00 2.000000000000000000e+01 2.000000000000000000e+01
1.500000000000000000e+01 7.500000000000000000e+01 1.000000000000000000e+00 1.000000000000000000e+00 -1.517116332787704280e+01 3.501037691048547451e+00 2.000000000000000000e+01 2.000000000000000000e+01
1.500000000000000000e+01 8.500000000000000000e+01 1.000000000000000000e+00 1.000000000000000000e+00 -1.517116332787704280e+01 5.835062818414247232e+00 2.000000000000000000e+01 2.000000000000000000e+01
1.500000000000000000e+01 9.500000000000000000e+01 1.000000000000000000e+00 1.000000000000000000e+00 -1.517116332787704280e+01 8.169087945779946125e+00 2.000000000000000000e+01 2.000000000000000000e+01
1.500000000000000000e+01 1.050000000000000000e+02 1.000000000000000000e+00 1.000000000000000000e+00 -1.517116332787704280e+01 1.050311307314564147e+01 2.000000000000000000e+01 2.000000000000000000e+01
1.500000000000000000e+01 1.150000000000000000e+02 1.000000000000000000e+00 1.000000000000000000e+00 -1.517116332787704280e+01 1.283713820051134213e+01 2.000000000000000000e+01 2.000000000000000000e+01
2.500000000000000000e+01 5.000000000000000000e+00 1.000000000000000000e+00 1.000000000000000000e+00 -1.283713820051134391e+01 -1.283713820051134391e+01 2.000000000000000000e+01 2.000000000000000000e+01
2.500000000000000000e+01 1.500000000000000000e+01 1.000000000000000000e+00 1.000000000000000000e+00 -1.283713820051134391e+01 -1.050311307314564679e+01 2.000000000000000000e+01 2.000000000000000000e+01
2.500000000000000000e+01 2.500000000000000000e+01 1.000000000000000000e+00 1.000000000000000000e+00 -1.283713820051134391e+01 -8.169087945779946125e+00 2.000000000000000000e+01 2.000000000000000000e+01
2.500000000000000000e+01 3.500000000000000000e+01 1.000000000000000000e+00 1.000000000000000000e+00 -1.283713820051134391e+01 -5.835062818414248120e+00 2.000000000000000000e+01 2.000000000000000000e+01
2.500000000000000000e+01 4.500000000000000000e+01 1.000000000000000000e+00 1.000000000000000000e+00 -1.283713820051134391e+01 -3.501037691048549672e+00 2.000000000000000000e+01 2.000000000000000000e+01
2.500000000000000000e+01 5.500000000000000000e+01 1.000000000000000000e+00 1.000000000000000000e+00 -1.283713820051134391e+01 -1.167012563682849891e+00 2.000000000000000000e+01 2.000000000000000000e+01
2.500000000000000000e+01 6.500000000000000000e+01 1.000000000000000000e+00 1.000000000000000000e+00 -1.283713820051134391e+01 1.167012563682847670e+00 2.000000000000000000e+01 2.000000000000000000e+01
2.500000000000000000e+01 7.500000000000000000e+01 1.000000000000000000e+00 1.000000000000000000e+00 -1.283713820051134391e+01 3.501037691048547451e+00 2.000000000000000000e+01 2.000000000000000000e+01
2.500000000000000000e+01 8.500000000000000000e+01 1.000000000000000000e+00 1.000000000000000000e+00 -1.283713820051134391e+01 5.835062818414247232e+00 2.000000000000000000e+01 2.000000000000000000e+01
2.500000000000000000e+01 9.500000000000000000e+01 1.000000000000000000e+00 1.000000000000000000e+00 -1.283713820051134391e+01 8.169087945779946125e+00 2.000000000000000000e+01 2.000000000000000000e+01
2.500000000000000000e+01 1.050000000000000000e+02 1.000000000000000000e+00 1.000000000000000000e+00 -1.283713820051134391e+01 1.050311307314564147e+01 2.000000000000000000e+01 2.000000000000000000e+01
2.500000000000000000e+01 1.150000000000000000e+02 1.000000000000000000e+00 1.000000000000000000e+00 -1.283713820051134391e+01 1.283713820051134213e+01 2.000000000000000000e+01 2.000000000000000000e+01
3.500000000000000000e+01 5.000000000000000000e+00 1.000000000000000000e+00 1.000000000000000000e+00 -1.050311307314564679e+01 -1.283713820051134391e+01 2.000000000000000000e+01 2.000000000000000000e+01
3.500000000000000000e+01 1.500000000000000000e+01 1.000000000000000000e+00 1.000000000000000000e+00 -1.050311307314564679e+01 -1.050311307314564679e+01 2.000000000000000000e+01 2.000000000000000000e+01
3.500000000000000000e+01 2.500000000000000000e+01 1.000000000000000000e+00 1.000000000000000000e+00 -1.050311307314564679e+01 -8.169087945779946125e+00 2.000000000000000000e+01 2.000000000000000000e+01
3.500000000000000000e+01 3.500000000000000000e+01 1.000000000000000000e+00 1.000000000000000000e+00 -1.050311307314564679e+01 -5.835062818414248120e+00 2.000000000000000000e+01 2.000000000000000000e+01
3.500000000000000000e+01 4.500000000000000000e+01 1.000000000000000000e+00 1.000000000000000000e+00 -1.050311307314564679e+01 -3.501037691048549672e+00 2.000000000000000000e+01 2.000000000000000000e+01
3.500000000000000000e+01 5.500000000000000000e+01 1.000000000000000000e+00 1.000000000000000000e+00 -1.050311307314564679e+01 -1.167012563682849891e+00 2.000000000000000000e+01 2.000000000000000000e+01
3.500000000000000000e+01 6.500000000000000000e+01 1.000000000000000000e+00 1.000000000000000000e+00 -1.050311307314564679e+01 1.167012563682847670e+00 2.000000000000000000e+01 2.000000000000000000e+01
3.500000000000000000e+01 7.500000000000000000e+01 1.000000000000000000e+00 1.000000000000000000e+00 -1.050311307314564679e+01 3.501037691048547451e+00 2.000000000000000000e+01 2.000000000000000000e+01
3.500000000000000000e+01 8.500000000000000000e+01 1.000000000000000000e+00 1.000000000000000000e+00 -1.050311307314564679e+01 5.835062818414247232e+00 2.000000000000000000e+01 2.000000000000000000e+01
3.500000000000000000e+01 9.500000000000000000e+01 1.000000000000000000e+00 1.000000000000000000e+00 -1.050311307314564679e+01 8.169087945779946125e+00 2.000000000000000000e+01 2.000000000000000000e+01
3.500000000000000000e+01 1.050000000000000000e+02 1.000000000000000000e+00 1.000000000000000000e+00 -1.050311307314564679e+01 1.050311307314564147e+01 2.000000000000000000e+01 2.000000000000000000e+01
3.500000000000000000e+01 1.150000000000000000e+02 1.000000000000000000e+00 1.000000000000000000e+00 -1.050311307314564679e+01 1.283713820051134213e+01 2.000000000000000000e+01 2.000000000000000000e+01
4.500000000000000000e+01 5.000000000000000000e+00 1.000000000000000000e+00 1.000000000000000000e+00 -8.169087945779946125e+00 -1.283713820051134391e+01 2.000000000000000000e+01 2.000000000000000000e+01
4.500000000000000000e+01 1.500000000000000000e+01 1.000000000000000000e+00 1.000000000000000000e+00 -8.169087945779946125e+00 -1.050311307314564679e+01 2.000000000000000000e+01 2.000000000000000000e+01
4.500000000000000000e+01 2.500000000000000000e+01 1.000000000000000000e+00 1.000000000000000000e+00 -8.169087945779946125e+00 -8.169087945779946125e+00 2.000000000000000000e+01 2.000000000000000000e+01
4.500000000000000000e+01 3.500000000000000000e+01 1.000000000000000000e+00 1.000000000000000000e+00 -8.169087945779946125e+00 -5.835062818414248120e+00 2.000000000000000000e+01 2.000000000000000000e+01
4.500000000000000000e+01 4.500000000000000000e+01 1.000000000000000000e+00 1.000000000000000000e+00 -8.169087945779946125e+00 -3.501037691048549672e+00 2.000000000000000000e+01 2.000000000000000000e+01
4.500000000000000000e+01 5.500000000000000000e+01 1.000000000000000000e+00 1.000000000000000000e+00 -8.169087945779946125e+00 -1.167012563682849891e+00 2.000000000000000000e+01 2.000000000000000000e+01
4.500000000000000000e+01 6.500000000000000000e+01 1.000000000000000000e+00 1.000000000000000000e+00 -8.169087945779946125e+00 1.167012563682847670e+00 2.000000000000000000e+01 2.000000000000000000e+01
4.500000000000000000e+01 7.500000000000000000e+01 1.000000000000000000e+00 1.000000000000000000e+00 -8.169087945779946125e+00 3.501037691048547451e+00 2.000000000000000000e+01 2.000000000000000000e+01
4.500000000000000000e+01 8.500000000000000000e+01 1.000000000000000000e+00 1.000000000000000000e+00 -8.169087945779946125e+00 5.835062818414247232e+00 2.000000000000000000e+01 2.000000000000000000e+01
4.500000000000000000e+01 9.500000000000000000e+01 1.000000000000000000e+00 1.000000000000000000e+00 -8.169087945779946125e+00 8.169087945779946125e+00 2.000000000000000000e+01 2.000000000000000000e+01
4.500000000000000000e+01 1.050000000000000000e+02 1.000000000000000000e+00 1.000000000000000000e+00 -8.169087945779946125e+00 1.050311307314564147e+01 2.000000000000000000e+01 2.000000000000000000e+01
4.500000000000000000e+01 1.150000000000000000e+02 1.000000000000000000e+00 1.000000000000000000e+00 -8.169087945779946125e+00 1.283713820051134213e+01 2.000000000000000000e+01 2.000000000000000000e+01
5.500000000000000000e+01 5.000000000000000000e+00 1.000000000000000000e+00 1.000000000000000000e+00 -5.835062818414247232e+00 -1.283713820051134391e+01 2.000000000000000000e+01 2.000000000000000000e+01
5.500000000000000000e+01 1.500000000000000000e+01 1.000000000000000000e+00 1.000000000000000000e+00 -5.835062818414247232e+00 -1.050311307314564679e+01 2.000000000000000000e+01 2.000000000000000000e+01
5.500000000000000000e+01 2.500000000000000000e+01 1.000000000000000000e+00 1.000000000000000000e+00 -5.835062818414247232e+00 -8.169087945779946125e+00 2.000000000000000000e+01 2.000000000000000000e+01
5.500000000000000000e+01 3.500000000000000000e+01 1.000000000000000000e+00 1.000000000000000000e+00 -5.835062818414247232e+00 -5.835062818414248120e+00 2.000000000000000000e+01 2.000000000000000000e+01
5.500000000000000000e+01 4.500000000000000000e+01 1.000000000000000000e+00 1.000000000000000000e+00 -5.835062818414247232e+00 -3.501037691048549672e+00 2.000000000000000000e+01 2.000000000000000000e+01
5.500000000000000000e+01 5.500000000000000000e+01 1.000000000000000000e+00 1.000000000000000000e+00 -5.835062818414247232e+00 -1.167012563682849891e+00 2.000000000000000000e+01 2.000000000000000000e+01
5.500000000000000000e+01 6.500000000000000000e+01 1.000000000000000000e+00 1.000000000000000000e+00 -5.835062818414247232e+00 1.167012563682847670e+00 2.000000000000000000e+01 2.000000000000000000e+01
5.500000000000000000e+01 7.500000000000000000e+01 1.000000000000000000e+00 1.000000000000000000e+00 -5.835062818414247232e+00 3.501037691048547451e+00 2.000000000000000000e+01 2.000000000000000000e+01
5.500000000000000000e+01 8.500000000000000000e+01 1.000000000000000000e+00 1.000000000000000000e+00 -5.835062818414247232e+00 5.835062818414247232e+00 2.000000000000000000e+01 2.000000000000000000e+01
5.500000000000000000e+01 9.500000000000000000e+01 1.000000000000000000e+00 1.000000000000000000e+00 -5.835062818414247232e+00 8.169087945779946125e+00 2.000000000000000000e+01 2.000000000000000000e+01
5.500000000000000000e+01 1.050000000000000000e+02 1.000000000000000000e+00 1.000000000000000000e+00 -5.835062818414247232e+00 1.050311307314564147e+01 2.000000000000000000e+01 2.000000000000000000e+01
5.500000000000000000e+01 1.150000000000000000e+02 1.000000000000000000e+00 1.000000000000000000e+00 -5.835062818414247232e+00 1.283713820051134213e+01 2.000000000000000000e+01 2.000000000000000000e+01
6.500000000000000000e+01 5.000000000000000000e+00 1.000000000000000000e+00 1.000000000000000000e+00 -3.501037691048549672e+00 -1.283713820051134391e+01 2.000000000000000000e+01 2.000000000000000000e+01
6.500000000000000000e+01 1.500000000000000000e+01 1.000000000000000000e+00 1.000000000000000000e+00 -3.501037691048549672e+00 -1.050311307314564679e+01 2.000000000000000000e+01 2.000000000000000000e+01
6.500000000000000000e+01 2.500000000000000000e+01 1.000000000000000000e+00 1.000000000000000000e+00 -3.501037691048549672e+00 -8.169087945779946125e+00 2.000000000000000000e+01 2.000000000000000000e+01
6.500000000000000000e+01 3.500000000000000000e+01 1.000000000000000000e+00 1.000000000000000000e+00 -3.501037691048549672e+00 -5.835062818414248120e+00 2.000000000000000000e+01 2.000000000000000000e+01
6.500000000000000000e+01 4.500000000000000000e+01 1.000000000000000000e+00 1.000000000000000000e+00 -3.501037691048549672e+00 -3.501037691048549672e+00 2.000000000000000000e+01 2.000000000000000000e+01
6.500000000000000000e+01 5.500000000000000000e+01 1.000000000000000000e+00 1.000000000000000000e+00 -3.501037691048549672e+00 -1.167012563682849891e+00 2.000000000000000000e+01 2.000000000000000000e+01
6.500000000000000000e+01 6.500000000000000000e+01 1.000000000000000000e+00 1.000000000000000000e+00 -3.501037691048549672e+00 1.167012563682847670e+00 2.000000000000000000e+01 2.000000000000000000e+01
6.500000000000000000e+01 7.500000000000000000e+01 1.000000000000000000e+00 1.000000000000000000e+00 -3.501037691048549672e+00 3.501037691048547451e+00 2.000000000000000000e+01 2.000000000000000000e+01
6.500000000000000000e+01 8.500000000000000000e+01 1.000000000000000000e+00 1.000000000000000000e+00 -3.501037691048549672e+00 5.835062818414247232e+00 2.000000000000000000e+01 2.000000000000000000e+01
6.500000000000000000e+01 9.500000000000000000e+01 1.000000000000000000e+00 1.000000000000000000e+00 -3.501037691048549672e+00 8.169087945779946125e+00 2.000000000000000000e+01 2.000000000000000000e+01
6.500000000000000000e+01 1.050000000000000000e+02 1.000000000000000000e+00 1.000000000000000000e+00 -3.501037691048549672e+00 1.050311307314564147e+01 2.000000000000000000e+01 2.000000000000000000e+01
6.500000000000000000e+01 1.150000000000000000e+02 1.000000000000000000e+00 1.000000000000000000e+00 -3.501037691048549672e+00 1.283713820051134213e+01 2.000000000000000000e+01 2.000000000000000000e+01
7.500000000000000000e+01 5.000000000000000000e+00 1.000000000000000000e+00 1.000000000000000000e+00 -1.167012563682849891e+00 -1.283713820051134391e+01 2.000000000000000000e+01 2.000000000000000000e+01
7.500000000000000000e+01 1.500000000000000000e+01 1.000000000000000000e+00 1.000000000000000000e+00 -1.167012563682849891e+00 -1.050311307314564679e+01 2.000000000000000000e+01 2.000000000000000000e+01
7.500000000000000000e+01 2.500000000000000000e+01 1.000000000000000000e+00 1.000000000000000000e+00 -1.167012563682849891e+00 -8.169087945779946125e+00 2.000000000000000000e+01 2.000000000000000000e+01
7.500000000000000000e+01 3.500000000000000000e+01 1.000000000000000000e+00 1.000000000000000000e+00 -1.167012563682849891e+00 -5.835062818414248120e+00 2.000000000000000000e+01 2.000000000000000000e+01
7.500000000000000000e+01 4.500000000000000000e+01 1.000000000000000000e+00 1.000000000000000000e+00 -1.167012563682849891e+00 -3.501037691048549672e+00 2.000000000000000000e+01 2.000000000000000000e+01
7.500000000000000000e+01 5.500000000000000000e+01 1.000000000000000000e+00 1.000000000000000000e+00 -1.167012563682849891e+00 -1.167012563682849891e+00 2.000000000000000000e+01 2.000000000000000000e+01
7.500000000000000000e+01 6.500000000000000000e+01 1.000000000000000000e+00 1.000000000000000000e+00 -1.167012563682849891e+00 1.167012563682847670e+00 2.000000000000000000e+01 2.000000000000000000e+01
7.500000000000000000e+01 7.500000000000000000e+01 1.000000000000000000e+00 1.000000000000000000e+00 -1.167012563682849891e+00 3.501037691048547451e+00 2.000000000000000000e+01 2.000000000000000000e+01
7.500000000000000000e+01 8.500000000000000000e+01 1.000000000000000000e+00 1.000000000000000000e+00 -1.167012563682849891e+00 5.835062818414247232e+00 2.000000000000000000e+01 2.000000000000000000e+01
7.500000000000000000e+01 9.500000000000000000e+01 1.000000000000000000e+00 1.000000000000000000e+00 -1.167012563682849891e+00 8.169087945779946125e+00 2.000000000000000000e+01 2.000000000000000000e+01
7.500000000000000000e+01 1.050000000000000000e+02 1.000000000000000000e+00 1.000000000000000000e+00 -1.167012563682849891e+00 1.050311307314564147e+01 2.000000000000000000e+01 2.000000000000000000e+01
7.500000000000000000e+01 1.150000000000000000e+02 1.000000000000000000e+00 1.000000000000000000e+00 -1.167012563682849891e+00 1.283713820051134213e+01 2.000000000000000000e+01 2.000000000000000000e+01
8.500000000000000000e+01 5.000000000000000000e+00 1.000000000000000000e+00 1.000000000000000000e+00 1.167012563682849891e+00 -1.283713820051134391e+01 2.000000000000000000e+01 2.000000000000000000e+01
8.500000000000000000e+01 1.500000000000000000e+01 1.000000000000000000e+00 1.000000000000000000e+00 1.167012563682849891e+00 -1.050311307314564679e+01 2.000000000000000000e+01 2.000000000000000000e+01
8.500000000000000000e+01 2.500000000000000000e+01 1.000000000000000000e+00 1.000000000000000000e+00 1.167012563682849891e+00 -8.169087945779946125e+00 2.000000000000000000e+01 2.000000000000000000e+01
8.500000000000000000e+01 3.500000000000000000e+01 1.000000000000000000e+00 1.000000000000000000e+00 1.167012563682849891e+00 -5.835062818414248120e+00 2.000000000000000000e+01 2.000000000000000000e+01
8.500000000000000000e+01 4.500000000000000000e+01 1.000000000000000000e+00 1.000000000000000000e+00 1.167012563682849891e+00 -3.501037691048549672e+00 2.000000000000000000e+01 2.000000000000000000e+01
8.500000000000000000e+01 5.500000000000000000e+01 1.000000000000000000e+00 1.000000000000000000e+00 1.167012563682849891e+00 -1.167012563682849891e+00 2.000000000000000000e+01 2.000000000000000000e+01
8.500000000000000000e+01 6.500000000000000000e+01 1.000000000000000000e+00 1.000000000000000000e+00 1.167012563682849891e+00 1.167012563682847670e+00 2.000000000000000000e+01 2.000000000000000000e+01
8.500000000000000000e+01 7.500000000000000000e+01 1.000000000000000000e+00 1.000000000000000000e+00 1.167012563682849891e+00 3.501037691048547451e+00 2.000000000000000000e+01 2.000000000000000000e+01
8.500000000000000000e+01 8.500000000000000000e+01 1.000000000000000000e+00 1.000000000000000000e+00 1.167012563682849891e+00 5.835062818414247232e+00 2.000000000000000000e+01 2.000000000000000000e+01
8.500000000000000000e+01 9.500000000000000000e+01 1.000000000000000000e+00 1.000000000000000000e+00 1.167012563682849891e+00 8.169087945779946125e+00 2.000000000000000000e+01 2.000000000000000000e+01
8.500000000000000000e+01 1.050000000000000000e+02 1.000000000000000000e+00 1.000000000000000000e+00 1.167012563682849891e+00 1.050311307314564147e+01 2.000000000000000000e+01 2.000000000000000000e+01
8.500000000000000000e+01 1.150000000000000000e+02 1.000000000000000000e+00 1.000000000000000000e+00 1.167012563682849891e+00 1.283713820051134213e+01 2.000000000000000000e+01 2.000000000000000000e+01
9.500000000000000000e+01 5.000000000000000000e+00 1.000000000000000000e+00 1.000000000000000000e+00 3.501037691048549672e+00 -1.283713820051134391e+01 2.000000000000000000e+01 2.000000000000000000e+01
9.500000000000000000e+01 1.500000000000000000e+01 1.000000000000000000e+00 1.000000000000000000e+00 3.501037691048549672e+00 -1.050311307314564679e+01 2.000000000000000000e+01 2.000000000000000000e+01
9.500000000000000000e+01 2.500000000000000000e+01 1.000000000000000000e+00 1.000000000000000000e+00 3.501037691048549672e+00 -8.169087945779946125e+00 2.000000000000000000e+01 2.000000000000000000e+01
9.500000000000000000e+01 3.500000000000000000e+01 1.000000000000000000e+00 1.000000000000000000e+00 3.501037691048549672e+00 -5.835062818414248120e+00 2.000000000000000000e+01 2.000000000000000000e+01
9.500000000000000000e+01 4.500000000000000000e+01 1.000000000000000000e+00 1.000000000000000000e+00 3.501037691048549672e+00 -3.501037691048549672e+00 2.000000000000000000e+01 2.000000000000000000e+01
9.500000000000000000e+01 5.500000000000000000e+01 1.000000000000000000e+00 1.000000000000000000e+00 3.501037691048549672e+00 -1.167012563682849891e+00 2.000000000000000000e+01 2.000000000000000000e+01
9.500000000000000000e+01 6.500000000000000000e+01 1.000000000000000000e+00 1.000000000000000000e+00 3.501037691048549672e+00 1.167012563682847670e+00 2.000000000000000000e+01 2.000000000000000000e+01
9.500000000000000000e+01 7.500000000000000000e+01 1.000000000000000000e+00 1.000000000000000000e+00 3.501037691048549672e+00 3.501037691048547451e+00 2.000000000000000000e+01 2.000000000000000000e+01
9.500000000000000000e+01 8.500000000000000000e+01 1.000000000000000000e+00 1.000000000000000000e+00 3.501037691048549672e+00 5.835062818414247232e+00 2.000000000000000000e+01 2.000000000000000000e+01
9.500000000000000000e+01 9.500000000000000000e+01 1.000000000000000000e+00 1.000000000000000000e+00 3.501037691048549672e+00 8.169087945779946125e+00 2.000000000000000000e+01 2.000000000000000000e+01
9.500000000000000000e+01 1.050000000000000000e+02 1.000000000000000000e+00 1.000000000000000000e+00 3.501037691048549672e+00 1.050311307314564147e+01 2.000000000000000000e+01 2.000000000000000000e+01
9.500000000000000000e+01 1.150000000000000000e+02 1.000000000000000000e+00 1.000000000000000000e+00 3.501037691048549672e+00 1.283713820051134213e+01 2.000000000000000000e+01 2.000000000000000000e+01
1.050000000000000000e+02 5.000000000000000000e+00 1.000000000000000000e+00 1.000000000000000000e+00 5.835062818414245456e+00 -1.283713820051134391e+01 2.000000000000000000e+01 2.000000000000000000e+01
1.050000000000000000e+02 1.500000000000000000e+01 1.000000000000000000e+00 1.000000000000000000e+00 5.835062818414245456e+00 -1.050311307314564679e+01 2.000000000000000000e+01 2.000000000000000000e+01
1.050000000000000000e+02 2.500000000000000000e+01 1.000000000000000000e+00 1.000000000000000000e+00 5.835062818414245456e+00 -8.169087945779946125e+00 2.000000000000000000e+01 2.000000000000000000e+01
1.050000000000000000e+02 3.500000000000000000e+01 1.000000000000000000e+00 1.000000000000000000e+00 5.835062818414245456e+00 -5.835062818414248120e+00 2.000000000000000000e+01 2.000000000000000000e+01
1.050000000000000000e+02 4.500000000000000000e+01 1.000000000000000000e+00 1.000000000000000000e+00 5.835062818414245456e+00 -3.501037691048549672e+00 2.000000000000000000e+01 2.000000000000000000e+01
1.050000000000000000e+02 5.500000000000000000e+01 1.000000000000000000e+00 1.000000000000000000e+00 5.835062818414245456e+00 -1.167012563682849891e+00 2.000000000000000000e+01 2.000000000000000000e+01
1.050000000000000000e+02 6.500000000000000000e+01 1.000000000000000000e+00 1.000000000000000000e+00 5.835062818414245456e+00 1.167012563682847670e+00 2.000000000000000000e+01 2.000000000000000000e+01
1.050000000000000000e+02 7.500000000000000000e+01 1.000000000000000000e+00 1.000000000000000000e+00 5.835062818414245456e+00 3.501037691048547451e+00 2.000000000000000000e+01 2.000000000000000000e+01
1.050000000000000000e+02 8.500000000000000000e+01 1.000000000000000000e+00 1.000000000000000000e+00 5.835062818414245456e+00 5.835062818414247232e+00 2.000000000000000000e+01 2.000000000000000000e+01
1.050000000000000000e+02 9.500000000000000000e+01 1.000000000000000000e+00 1.000000000000000000e+00 5.835062818414245456e+00 8.169087945779946125e+00 2.000000000000000000e+01 2.000000000000000000e+01
1.050000000000000000e+02 1.050000000000000000e+02 1.000000000000000000e+00 1.000000000000000000e+00 5.835062818414245456e+00 1.050311307314564147e+01 2.000000000000000000e+01 2.000000000000000000e+01
1.050000000000000000e+02 1.150000000000000000e+02 1.000000000000000000e+00 1.000000000000000000e+00 5.835062818414245456e+00 1.283713820051134213e+01 2.000000000000000000e+01 2.000000000000000000e+01
1.150000000000000000e+02 5.000000000000000000e+00 1.000000000000000000e+00 1.000000000000000000e+00 8.169087945779944349e+00 -1.283713820051134391e+01 2.000000000000000000e+01 2.000000000000000000e+01
1.150000000000000000e+02 1.500000000000000000e+01 1.000000000000000000e+00 1.000000000000000000e+00 8.169087945779944349e+00 -1.050311307314564679e+01 2.000000000000000000e+01 2.000000000000000000e+01
1.150000000000000000e+02 2.500000000000000000e+01 1.000000000000000000e+00 1.000000000000000000e+00 8.169087945779944349e+00 -8.169087945779946125e+00 2.000000000000000000e+01 2.000000000000000000e+01
1.150000000000000000e+02 3.500000000000000000e+01 1.000000000000000000e+00 1.000000000000000000e+00 8.169087945779944349e+00 -5.835062818414248120e+00 2.000000000000000000e+01 2.000000000000000000e+01
1.150000000000000000e+02 4.500000000000000000e+01 1.000000000000000000e+00 1.000000000000000000e+00 8.169087945779944349e+00 -3.501037691048549672e+00 2.000000000000000000e+01 2.000000000000000000e+01
1.150000000000000000e+02 5.500000000000000000e+01 1.000000000000000000e+00 1.000000000000000000e+00 8.169087945779944349e+00 -1.167012563682849891e+00 2.000000000000000000e+01 2.000000000000000000e+01
1.150000000000000000e+02 6.500000000000000000e+01 1.000000000000000000e+00 1.000000000000000000e+00 8.169087945779944349e+00 1.167012563682847670e+00 2.000000000000000000e+01 2.000000000000000000e+01
1.150000000000000000e+02 7.500000000000000000e+01 1.000000000000000000e+00 1.000000000000000000e+00 8.169087945779944349e+00 3.501037691048547451e+00 2.000000000000000000e+01 2.000000000000000000e+01
1.150000000000000000e+02 8.500000000000000000e+01 1.000000000000000000e+00 1.000000000000000000e+00 8.169087945779944349e+00 5.835062818414247232e+00 2.000000000000000000e+01 2.000000000000000000e+01
1.150000000000000000e+02 9.500000000000000000e+01 1.000000000000000000e+00 1.000000000000000000e+00 8.169087945779944349e+00 8.169087945779946125e+00 2.000000000000000000e+01 2.000000000000000000e+01
1.150000000000000000e+02 1.050000000000000000e+02 1.000000000000000000e+00 1.000000000000000000e+00 8.169087945779944349e+00 1.050311307314564147e+01 2.000000000000000000e+01 2.000000000000000000e+01
1.150000000000000000e+02 1.150000000000000000e+02 1.000000000000000000e+00 1.000000000000000000e+00 8.169087945779944349e+00 1.283713820051134213e+01 2.000000000000000000e+01 2.000000000000000000e+01
1.250000000000000000e+02 5.000000000000000000e+00 1.000000000000000000e+00 1.000000000000000000e+00 1.050311307314564502e+01 -1.283713820051134391e+01 2.000000000000000000e+01 2.000000000000000000e+01
1.250000000000000000e+02 1.500000000000000000e+01 1.000000000000000000e+00 1.000000000000000000e+00 1.050311307314564502e+01 -1.050311307314564679e+01 2.000000000000000000e+01 2.000000000000000000e+01
1.250000000000000000e+02 2.500000000000000000e+01 1.000000000000000000e+00 1.000000000000000000e+00 1.050311307314564502e+01 -8.169087945779946125e+00 2.000000000000000000e+01 2.000000000000000000e+01
1.250000000000000000e+02 3.500000000000000000e+01 1.000000000000000000e+00 1.000000000000000000e+00 1.050311307314564502e+01 -5.835062818414248120e+00 2.000000000000000000e+01 2.000000000000000000e+01
1.250000000000000000e+02 4.500000000000000000e+01 1.000000000000000000e+00 1.000000000000000000e+00 1.050311307314564502e+01 -3.501037691048549672e+00 2.000000000000000000e+01 2.000000000000000000e+01
1.250000000000000000e+02 5.500000000000000000e+01 1.000000000000000000e+00 1.000000000000000000e+00 1.050311307314564502e+01 -1.167012563682849891e+00 2.000000000000000000e+01 2.000000000000000000e+01
1.250000000000000000e+02 6.500000000000000000e+01 1.000000000000000000e+00 1.000000000000000000e+00 1.050311307314564502e+01 1.167012563682847670e+00 2.000000000000000000e+01 2.000000000000000000e+01
1.250000000000000000e+02 7.500000000000000000e+01 1.000000000000000000e+00 1.000000000000000000e+00 1.050311307314564502e+01 3.501037691048547451e+00 2.000000000000000000e+01 2.000000000000000000e+01
1.250000000000000000e+02 8.500000000000000000e+01 1.000000000000000000e+00 1.000000000000000000e+00 1.050311307314564502e+01 5.835062818414247232e+00 2.000000000000000000e+01 2.000000000000000000e+01
1.250000000000000000e+02 9.500000000000000000e+01 1.000000000000000000e+00 1.000000000000000000e+00 1.050311307314564502e+01 8.169087945779946125e+00 2.000000000000000000e+01 2.000000000000000000e+01
1.250000000000000000e+02 1.050000000000000000e+02 1.000000000000000000e+00 1.000000000000000000e+00 1.050311307314564502e+01 1.050311307314564147e+01 2.000000000000000000e+01 2.000000000000000000e+01
1.250000000000000000e+02 1.150000000000000000e+02 1.000000000000000000e+00 1.000000000000000000e+00 1.050311307314564502e+01 1.283713820051134213e+01 2.000000000000000000e+01 2.000000000000000000e+01
1.350000000000000000e+02 5.000000000000000000e+00 1.000000000000000000e+00 1.000000000000000000e+00 1.283713820051134391e+01 -1.283713820051134391e+01 2.000000000000000000e+01 2.000000000000000000e+01
1.350000000000000000e+02 1.500000000000000000e+01 1.000000000000000000e+00 1.000000000000000000e+00 1.283713820051134391e+01 -1.050311307314564679e+01 2.000000000000000000e+01 2.000000000000000000e+01
1.350000000000000000e+02 2.500000000000000000e+01 1.000000000000000000e+00 1.000000000000000000e+00 1.283713820051134391e+01 -8.169087945779946125e+00 2.000000000000000000e+01 2.000000000000000000e+01
1.350000000000000000e+02 3.500000000000000000e+01 1.000000000000000000e+00 1.000000000000000000e+00 1.283713820051134391e+01 -5.835062818414248120e+00 2.000000000000000000e+01 2.000000000000000000e+01
1.350000000000000000e+02 4.500000000000000000e+01 1.000000000000000000e+00 1.000000000000000000e+00 1.283713820051134391e+01 -3.501037691048549672e+00 2.000000000000000000e+01 2.000000000000000000e+01
1.350000000000000000e+02 5.500000000000000000e+01 1.000000000000000000e+00 1.000000000000000000e+00 1.283713820051134391e+01 -1.167012563682849891e+00 2.000000000000000000e+01 2.000000000000000000e+01
1.350000000000000000e+02 6.500000000000000000e+01 1.000000000000000000e+00 1.000000000000000000e+00 1.283713820051134391e+01 1.167012563682847670e+00 2.000000000000000000e+01 2.000000000000000000e+01
1.350000000000000000e+02 7.500000000000000000e+01 1.000000000000000000e+00 1.000000000000000000e+00 1.283713820051134391e+01 3.501037691048547451e+00 2.000000000000000000e+01 2.000000000000000000e+01
1.350000000000000000e+02 8.500000000000000000e+01 1.000000000000000000e+00 1.000000000000000000e+00 1.283713820051134391e+01 5.835062818414247232e+00 2.000000000000000000e+01 2.000000000000000000e+01
1.350000000000000000e+02 9.500000000000000000e+01 1.000000000000000000e+00 1.000000000000000000e+00 1.283713820051134391e+01 8.169087945779946125e+00 2.000000000000000000e+01 2.000000000000000000e+01
1.350000000000000000e+02 1.050000000000000000e+02 1.000000000000000000e+00 1.000000000000000000e+00 1.283713820051134391e+01 1.050311307314564147e+01 2.000000000000000000e+01 2.000000000000000000e+01
1.350000000000000000e+02 1.150000000000000000e+02 1.000000000000000000e+00 1.000000000000000000e+00 1.283713820051134391e+01 1.283713820051134213e+01 2.000000000000000000e+01 2.000000000000000000e+01
1.450000000000000000e+02 5.000000000000000000e+00 1.000000000000000000e+00 1.000000000000000000e+00 1.517116332787704458e+01 -1.283713820051134391e+01 2.000000000000000000e+01 2.000000000000000000e+01
1.450000000000000000e+02 1.500000000000000000e+01 1.000000000000000000e+00 1.000000000000000000e+00 1.517116332787704458e+01 -1.050311307314564679e+01 2.000000000000000000e+01 2.000000000000000000e+01
1.450000000000000000e+02 2.500000000000000000e+01 1.000000000000000000e+00 1.000000000000000000e+00 1.517116332787704458e+01 -8.169087945779946125e+00 2.000000000000000000e+01 2.000000000000000000e+01
1.450000000000000000e+02 3.500000000000000000e+01 1.000000000000000000e+00 1.000000000000000000e+00 1.517116332787704458e+01 -5.835062818414248120e+00 2.000000000000000000e+01 2.000000000000000000e+01
1.450000000000000000e+02 4.500000000000000000e+01 1.000000000000000000e+00 1.000000000000000000e+00 1.517116332787704458e+01 -3.501037691048549672e+00 2.000000000000000000e+01 2.000000000000000000e+01
1.450000000000000000e+02 5.500000000000000000e+01 1.000000000000000000e+00 1.000000000000000000e+00 1.517116332787704458e+01 -1.167012563682849891e+00 2.000000000000000000e+01 2.000000000000000000e+01
1.450000000000000000e+02 6.500000000000000000e+01 1.000000000000000000e+00 1.000000000000000000e+00 1.517116332787704458e+01 1.167012563682847670e+00 2.000000000000000000e+01 2.000000000000000000e+01
1.450000000000000000e+02 7.500000000000000000e+01 1.000000000000000000e+00 1.000000000000000000e+00 1.517116332787704458e+01 3.501037691048547451e+00 2.000000000000000000e+01 2.000000000000000000e+01
1.450000000000000000e+02 8.500000000000000000e+01 1.000000000000000000e+00 1.000000000000000000e+00 1.517116332787704458e+01 5.835062818414247232e+00 2.000000000000000000e+01 2.000000000000000000e+01
1.450000000000000000e+02 9.500000000000000000e+01 1.000000000000000000e+00 1.000000000000000000e+00 1.517116332787704458e+01 8.169087945779946125e+00 2.000000000000000000e+01 2.000000000000000000e+01
1.450000000000000000e+02 1.050000000000000000e+02 1.000000000000000000e+00 1.000000000000000000e+00 1.517116332787704458e+01 1.050311307314564147e+01 2.000000000000000000e+01 2.000000000000000000e+01
1.450000000000000000e+02 1.150000000000000000e+02 1.000000000000000000e+00 1.000000000000000000e+00 1.517116332787704458e+01 1.283713820051134213e+01 2.000000000000000000e+01 2.000000000000000000e+01
1.550000000000000000e+02 5.000000000000000000e+00 1.000000000000000000e+00 1.000000000000000000e+00 1.750518845524273814e+01 -1.283713820051134391e+01 2.000000000000000000e+01 2.000000000000000000e+01
1.550000000000000000e+02 1.500000000000000000e+01 1.000000000000000000e+00 1.000000000000000000e+00 1.750518845524273814e+01 -1.050311307314564679e+01 2.000000000000000000e+01 2.000000000000000000e+01
1.550000000000000000e+02 2.500000000000000000e+01 1.000000000000000000e+00 1.000000000000000000e+00 1.750518845524273814e+01 -8.169087945779946125e+00 2.000000000000000000e+01 2.000000000000000000e+01
1.550000000000000000e+02 3.500000000000000000e+01 1.000000000000000000e+00 1.000000000000000000e+00 1.750518845524273814e+01 -5.835062818414248120e+00 2.000000000000000000e+01 2.000000000000000000e+01
1.550000000000000000e+02 4.500000000000000000e+01 1.000000000000000000e+00 1.000000000000000000e+00 1.750518845524273814e+01 -3.501037691048549672e+00 2.000000000000000000e+01 2.000000000000000000e+01
1.550000000000000000e+02 5.500000000000000000e+01 1.000000000000000000e+00 1.000000000000000000e+00 1.750518845524273814e+01 -1.167012563682849891e+00 2.000000000000000000e+01 2.000000000000000000e+01
1.550000000000000000e+02 6.500000000000000000e+01 1.000000000000000000e+00 1.000000000000000000e+00 1.750518845524273814e+01 1.167012563682847670e+00 2.000000000000000000e+01 2.000000000000000000e+01
1.550000000000000000e+02 7.500000000000000000e+01 1.000000000000000000e+00 1.000000000000000000e+00 1.750518845524273814e+01 3.501037691048547451e+00 2.000000000000000000e+01 2.000000000000000000e+01
1.550000000000000000e+02 8.500000000000000000e+01 1.000000000000000000e+00 1.000000000000000000e+00 1.750518845524273814e+01 5.835062818414247232e+00 2.000000000000000000e+01 2.000000000000000000e+01
1.550000000000000000e+02 9.500000000000000000e+01 1.000000000000000000e+00 1.000000000000000000e+00 1.750518845524273814e+01 8.169087945779946125e+00 2.000000000000000000e+01 2.000000000000000000e+01
1.550000000000000000e+02 1.050000000000000000e+02 1.000000000000000000e+00 1.000000000000000000e+00 1.750518845524273814e+01 1.050311307314564147e+01 2.000000000000000000e+01 2.000000000000000000e+01
1.550000000000000000e+02 1.150000000000000000e+02 1.000000000000000000e+00 1.000000000000000000e+00 1.750518845524273814e+01 1.283713820051134213e+01 2.000000000000000000e+01 2.000000000000000000e+01
