0 0 1 43
1 1 1 43
2 2 1 43
3 3 1 43
4 4 1 43
5 5 1 43
6 6 1 43
7 7 1 43



8 8 1 10
8 0 -9 5
9 9 1 10
9 1 -9 5
10 10 1 10
10 2 -9 5
11 11 1 10
11 3 -9 5
12 12 1 10
12 4 -9 5
13 13 1 10
13 5 -9 5
14 14 1 10
14 6 -9 5
15 15 1 10
15 7 -9 5




16 16 1 10
16 0 -50 3
17 17 1 10
17 1 -50 3
18 18 1 10
18 2 -50 3
19 19 1 10
19 3 -50 3
20 20 1 10
20 4 -50 3
21 21 1 10
21 5 -50 3
22 22 1 10
22 6 -50 3
23 23 1 10
23 7 -50 3

24 24 1 15
24 0 -9 5
25 25 1 15
25 1 -9 5
26 26 1 15
26 2 -9 5
27 27 1 15
27 3 -9 5
28 28 1 15
28 4 -9 5
29 29 1 15
29 5 -9 5
30 30 1 15
30 6 -9 5
31 31 1 15
31 7 -9 5

0 7 -1 5
7 0 -1 5
1 6 -1 5
6 1 -1 5
2 5 -1 5
5 2 -1 5
3 4 -1 5
4 3 -1 5
