0 0 1 13
1 1 1 13
2 2 1 13
3 3 1 13
4 4 1 13
5 5 1 13
6 6 1 13
7 7 1 13

8 8 1 10
8 0 -1.2 3
9 9 1 10
9 1 -1.2 3
10 10 1 10
10 2 -1.15 3
11 11 1 10
11 3 -1.1 3
12 12 1 10
12 4 -1.1 3 
13 13 1 10
13 5 -1.15 3
14 14 1 10
14 6 -1.2 3
15 15 1 10
15 7 -1.2 3

16 16 1 11
16 0 -50 3
17 17 1 11
17 1 -50 3
18 18 1 11
18 2 -50 3
19 19 1 11
19 3 -50 3
20 20 1 11
20 4 -50 3
21 21 1 11
21 5 -50 3
22 22 1 11
22 6 -50 3
23 23 1 11
23 7 -50 3

24 24 1 10
24 0 -1.1 3
25 25 1 10
25 1 -1.1 3
26 26 1 10
26 2 -1.1 3
27 27 1 10
27 3 -1.1 3
28 28 1 10
28 4 -1.1 3
29 29 1 10
29 5 -1.1 3
30 30 1 10
30 6 -1.1 3
31 31 1 10
31 7 -1.1 3
