0 -0.05 10 50 10 1
1 -0.05 10 50 10 1
2 -0.05 10 50 10 1
3 -0.05 10 50 10 1
4 -0.05 10 50 10 1
5 -0.05 10 50 10 1
6 -0.05 10 50 10 1
7 -0.05 10 50 10 1
8 -0.05 10 50 10 1
9 -0.05 10 50 10 1
10 -0.05 10 50 10 1
11 -0.05 10 50 10 1
12 -0.05 10 50 10 1
13 -0.05 10 50 10 1
14 -0.05 10 50 10 1
15 -0.05 10 50 10 1
16 -0.05 10 50 10 1
17 -0.05 10 50 10 1
18 -0.05 10 50 10 1
19 -0.05 10 50 10 1
20 -0.05 10 50 10 1
21 -0.05 10 50 10 1
22 -0.05 10 50 10 1
23 -0.05 10 50 10 1
24 -0.05 10 30 10 1
25 -0.05 10 30 10 1
26 -0.05 10 30 10 1
27 -0.05 10 30 10 1
28 -0.05 10 30 10 1
29 -0.05 10 30 10 1
30 -0.05 10 30 10 1
31 -0.05 10 30 10 1
