0 -0.01 10 22.2 10 0.3
1 -0.01 10 22.1 10 0.3
2 -0.01 10 22 10 0.3
3 -0.01 10 22 10 0.3
4 -0.01 10 22 10 0.3
5 -0.01 10 22 10 0.3
6 -0.01 10 22.1 10 0.3
7 -0.01 10 22.2 10 0.3
8 -0.01 10 22 10 0.3
9 -0.01 10 22 10 0.3
10 -0.01 10 22 10 0.3
11 -0.01 10 22 10 0.3
12 -0.01 10 22 10 0.3
13 -0.01 10 22 10 0.3
14 -0.01 10 22 10 0.3
15 -0.01 10 22 10 0.3
16 -0.01 10 22 10 0.3
17 -0.01 10 22 10 0.3
18 -0.01 10 22 10 0.3
19 -0.01 10 22 10 0.3
20 -0.01 10 22 10 0.3
21 -0.01 10 22 10 0.3
22 -0.01 10 22 10 0.3
23 -0.01 10 22 10 0.3
24 -0.01 10 22 10 0.3
25 -0.01 10 22 10 0.3
26 -0.01 10 22 10 0.3
27 -0.01 10 22 10 0.3
28 -0.01 10 22 10 0.3
29 -0.01 10 22 10 0.3
30 -0.01 10 22 10 0.3
31 -0.01 10 22 10 0.3
