36.96400 312.52584 71.00000 417.13749 7.80001 -90.06356
37.01800 312.52584 71.00000 417.13749 7.80001 -90.06356
37.05100 312.52584 71.00000 417.13749 7.80001 -90.06356
37.08100 312.52584 71.00000 417.13749 7.80001 -90.06356
37.09800 312.52584 71.00000 417.13749 7.80001 -90.06356
37.13100 312.52584 71.00000 417.13749 7.80001 -90.06356
37.14800 312.52584 71.00000 417.13749 7.80001 -90.06356
37.18000 312.52584 71.00000 417.13749 7.80001 -90.06356
37.19700 312.52584 71.00000 417.13749 7.80001 -90.06356
37.21300 312.52584 71.00000 417.13749 7.80001 -90.06356
37.23000 312.52584 71.00000 417.13749 7.80001 -90.06356
37.24700 312.52584 71.00000 417.13749 7.80001 -90.06356
37.26300 312.52584 71.00000 417.13749 7.80001 -90.06356
37.28000 312.52584 71.00000 417.13749 7.80001 -90.06356
37.29700 312.52584 71.00000 417.13749 7.80001 -90.06356
37.31300 312.52584 71.00000 417.13749 7.80001 -90.06356
37.33000 312.52584 71.00000 417.13749 7.80001 -90.06356
37.34800 312.52584 71.00000 417.13749 7.80001 -90.06356
37.38100 312.52584 71.00000 417.13749 7.80001 -90.06356
37.39800 312.52584 71.00000 417.13749 7.80001 -90.06356
37.43100 312.52584 71.00000 417.13749 7.80001 -90.06356
37.44800 312.52584 71.00000 417.13749 7.80001 -90.06356
37.48000 312.52584 71.00000 417.13749 7.80001 -90.06356
37.49700 312.52584 71.00000 417.13749 7.80001 -90.06356
37.51400 312.52584 71.00000 417.13749 7.80001 -90.06356
37.53000 312.52584 71.00000 417.13749 7.80001 -90.06356
37.54700 312.52584 71.00000 417.13749 7.80001 -90.06356
37.56300 312.52584 71.00000 417.13749 7.80001 -90.06356
37.58000 312.52584 71.00000 417.13749 7.80001 -90.06356
37.59700 312.52584 71.00000 417.13749 7.80001 -90.06356
37.61300 312.52584 71.00000 417.13749 7.80001 -90.06356
37.62900 312.52584 71.00000 417.13749 7.80001 -90.06356
37.64600 312.52584 71.00000 417.13749 7.80001 -90.06356
37.66200 312.52584 71.00000 417.13749 7.80001 -90.06356
37.67900 312.52584 71.00000 417.13749 7.80001 -90.06356
37.69600 312.52584 71.00000 417.13749 7.80001 -90.06356
37.71200 312.52584 71.00000 417.13749 7.80001 -90.06356
37.72900 312.52584 71.00000 417.13749 7.80001 -90.06356
37.74600 312.52584 71.00000 417.13749 7.80001 -90.06356
37.76200 312.52584 71.00000 417.13749 7.80001 -90.06356
37.77900 312.52584 71.00000 417.13749 7.80001 -90.06356
37.79600 312.52584 71.00000 417.13749 7.80001 -90.06356
37.81200 312.52584 71.00000 417.13749 7.80001 -90.06356
37.82900 312.52584 71.00000 417.13749 7.80001 -90.06356
37.84600 312.52584 71.00000 417.13749 7.80001 -90.06356
37.86200 312.52584 71.00000 417.13749 7.80001 -90.06356
37.87900 312.52584 71.00000 417.13749 7.80001 -90.06356
37.89800 312.52584 71.00000 417.13749 7.80001 -90.06356
37.93000 312.52584 71.00000 417.13749 7.80001 -90.06356
37.94600 312.52584 71.00000 417.13749 7.80001 -90.06356
37.96200 312.52584 71.00000 417.13749 7.80001 -90.06356
37.97900 312.52584 71.00000 417.13749 7.80001 -90.06356
37.99700 312.52584 71.00000 417.13749 7.80001 -90.06356
38.01200 312.52584 71.00000 417.13749 7.80001 -90.06356
38.02900 312.52584 71.00000 417.13749 7.80001 -90.06356
38.04600 312.52584 71.00000 417.13749 7.80001 -90.06356
38.06200 312.52584 71.00000 417.13749 7.80001 -90.06356
38.07900 312.52584 71.00000 417.13749 7.80001 -90.06356
38.09600 312.52584 71.00000 417.13749 7.80001 -90.06356
38.11300 312.52584 71.00000 417.13749 7.80001 -90.06356
38.12900 312.52584 71.00000 417.13749 7.80001 -90.06356
38.14700 312.52584 71.00000 417.13749 7.80001 -90.06356
38.16200 312.52584 71.00000 417.13749 7.80001 -90.06356
38.18000 312.52584 71.00000 417.13749 7.80001 -90.06356
38.19700 312.52584 71.00000 417.13749 7.80001 -90.06356
38.21300 312.52584 71.00000 417.13749 7.80001 -90.06356
38.22900 312.52584 71.00000 417.13749 7.80001 -90.06356
38.24600 312.52584 71.00000 417.13749 7.80001 -90.06356
38.26300 312.52584 71.00000 417.13749 7.80001 -90.06356
38.27900 312.52584 71.00000 417.13749 7.80001 -90.06356
38.29600 312.52584 71.00000 417.13749 7.80001 -90.06356
38.31200 312.52584 71.00000 417.13749 7.80001 -90.06356
38.32900 312.52584 71.00000 417.13749 7.80001 -90.06356
38.34600 312.52584 71.00000 417.13749 7.80001 -90.06356
38.36200 312.52584 71.00000 417.13749 7.80001 -90.06356
38.37900 312.52584 71.00000 417.13749 7.80001 -90.06356
38.39600 312.52584 71.00000 417.13749 7.80001 -90.06356
38.41200 312.52584 71.00000 417.13749 7.80001 -90.06356
38.42800 312.52584 71.00000 417.13749 7.80001 -90.06356
38.44600 312.52584 71.00000 417.13749 7.80001 -90.06356
38.46200 312.52584 71.00000 417.13749 7.80001 -90.06356
38.47900 312.52584 71.00000 417.13749 7.80001 -90.06356
38.49600 312.52584 71.00000 417.13749 7.80001 -90.06356
38.51200 312.52584 71.00000 417.13749 7.80001 -90.06356
38.53000 312.52584 71.00000 417.13749 7.80001 -90.06356
38.54700 312.52584 71.00000 417.13749 7.80001 -90.06356
38.56300 312.52584 71.00000 417.13749 7.80001 -90.06356
38.58100 312.52584 71.00000 417.13749 7.80001 -90.06356
38.59700 312.52584 71.00000 417.13749 7.80001 -90.06356
38.62000 312.52582 71.00000 417.12220 7.80001 -90.06356
38.64800 312.52580 71.00000 417.10809 7.80001 -90.06356
38.67900 312.52579 71.00000 417.08445 7.80001 -90.06356
38.69600 312.52578 71.00000 417.06900 7.80001 -90.06356
38.71200 312.52577 71.00000 417.05288 7.80001 -90.06356
38.72900 312.52576 71.00000 417.03444 7.80001 -90.06356
38.74600 312.52575 71.00000 417.01601 7.80001 -90.06356
38.76200 312.52574 71.00000 416.99780 7.80001 -90.06356
38.77900 312.52573 71.00000 416.97774 7.80001 -90.06356
38.79600 312.52572 71.00000 416.95768 7.80001 -90.06356
38.81200 312.52571 71.00000 416.93832 7.80001 -90.06356
38.82900 312.52570 71.00000 416.91738 7.80001 -90.06356
38.84800 312.52568 71.00000 416.89643 7.80001 -90.06356
38.87900 312.52566 71.00000 416.85502 7.80001 -90.06356
38.89700 312.52565 71.00000 416.83358 7.80001 -90.06356
38.91200 312.52564 71.00000 416.81327 7.80001 -90.06356
38.92900 312.52563 71.00000 416.79157 7.80001 -90.06356
38.94600 312.52562 71.00000 416.76987 7.80001 -90.06356
38.96200 312.52561 71.00000 416.74937 7.80001 -90.06356
38.97900 312.52560 71.00000 416.72753 7.80001 -90.06356
38.99600 312.52559 71.00000 416.70569 7.80001 -90.06356
39.01500 312.52558 71.00000 416.68508 7.80001 -90.06356
39.04800 312.52558 71.00000 416.68508 7.80001 -90.06356
39.07900 312.52554 71.00000 416.59862 7.80001 -90.06356
39.09600 312.52553 71.00000 416.57665 7.80001 -90.06356
39.11200 312.52552 71.00000 416.55597 7.80001 -90.06356
39.12900 312.52551 71.00000 416.53398 7.80001 -90.06356
39.14600 312.52550 71.00000 416.51199 7.80001 -90.06356
39.16200 312.52549 71.00000 416.49128 7.80001 -90.06356
39.17900 312.52548 71.00000 416.46928 7.80001 -90.06356
39.19600 312.52547 71.00000 416.44728 7.80001 -90.06356
39.21200 312.52546 71.00000 416.42657 7.80001 -90.06356
39.22900 312.52545 71.00000 416.40456 7.80001 -90.06356
39.24600 312.52544 71.00000 416.38255 7.80001 -90.06356
39.26300 312.52543 71.00000 416.36183 7.80001 -90.06356
39.27900 312.52542 71.00000 416.33982 7.80001 -90.06356
39.29600 312.52541 71.00000 416.31781 7.80001 -90.06356
39.31300 312.52540 71.00000 416.29709 7.80001 -90.06356
39.32900 312.52539 71.00000 416.27507 7.80001 -90.06356
39.34800 312.52537 71.00000 416.25306 7.80001 -90.06356
39.37900 312.52535 71.00000 416.21032 7.80001 -90.06356
39.39500 312.52534 71.00000 416.18831 7.80001 -90.06356
39.41200 312.52533 71.00000 416.16758 7.80001 -90.06356
39.42800 312.52532 71.00000 416.14557 7.80001 -90.06356
39.44600 312.52531 71.00000 416.12355 7.80001 -90.06356
39.46200 312.52530 71.00000 416.10283 7.80001 -90.06356
39.47900 312.52529 71.00000 416.08081 7.80001 -90.06356
39.49600 312.52528 71.00000 416.05879 7.80001 -90.06356
39.51200 312.52527 71.00000 416.03807 7.80001 -90.06356
39.52900 312.52526 71.00000 416.01605 7.80001 -90.06356
39.54600 312.52525 71.00000 415.99404 7.80001 -90.06356
39.56200 312.52524 71.00000 415.97331 7.80001 -90.06356
39.57900 312.52523 71.00000 415.95130 7.80001 -90.06356
39.59600 312.52522 71.00000 415.92928 7.80001 -90.06356
39.61300 312.52521 71.00000 415.90856 7.80001 -90.06356
39.62900 312.52520 71.00000 415.88654 7.80001 -90.06356
39.64600 312.52519 71.00000 415.86452 7.80001 -90.06356
39.66200 312.52518 71.00000 415.84380 7.80001 -90.06356
39.67900 312.52517 71.00000 415.82178 7.80001 -90.06356
39.69600 312.52516 71.00000 415.79976 7.80001 -90.06356
39.71200 312.52515 71.00000 415.77904 7.80001 -90.06356
39.72900 312.52514 71.00000 415.75702 7.80001 -90.06356
39.74600 312.52513 71.00000 415.73501 7.80001 -90.06356
39.76200 312.52512 71.00000 415.71428 7.80001 -90.06356
39.77900 312.52511 71.00000 415.69227 7.80001 -90.06356
39.79600 312.52510 71.00000 415.67025 7.80001 -90.06356
39.81200 312.52509 71.00000 415.64953 7.80001 -90.06356
39.82900 312.52508 71.00000 415.62751 7.80001 -90.06356
39.84600 312.52506 71.00000 415.60549 7.80001 -90.06356
39.86200 312.52505 71.00000 415.58477 7.80001 -90.06356
39.88000 312.52504 71.00000 415.56275 7.80001 -90.06356
39.89600 312.52503 71.00000 415.54073 7.80001 -90.06356
39.91300 312.52502 71.00000 415.52001 7.80001 -90.06356
39.93000 312.52501 71.00000 415.49799 7.80001 -90.06356
39.94600 312.52500 71.00000 415.47598 7.80001 -90.06356
39.96300 312.52499 71.00000 415.45525 7.80001 -90.06356
39.98000 312.52498 71.00000 415.43324 7.80001 -90.06356
39.99600 312.52497 71.00000 415.41122 7.80001 -90.06356
40.01200 312.52496 71.00000 415.39050 7.80001 -90.06356
40.02900 312.52495 71.00000 415.36848 7.80001 -90.06356
40.04600 312.52494 71.00000 415.34646 7.80001 -90.06356
40.06300 312.52493 71.00000 415.32574 7.80001 -90.06356
40.07900 312.52492 71.00000 415.30372 7.80001 -90.06356
40.09600 312.52491 71.00000 415.28170 7.80001 -90.06356
40.11400 312.52490 71.00000 415.26098 7.80001 -90.06356
40.13000 312.52489 71.00000 415.23896 7.80001 -90.06356
40.14900 312.52487 71.00000 415.19622 7.80001 -90.06356
40.18200 312.52485 71.00000 415.15219 7.80001 -90.06356
40.21300 312.52484 71.00000 415.13147 7.80001 -90.06356
40.23100 312.52483 71.00000 415.10945 7.80001 -90.06356
40.24700 312.52482 71.00000 415.08743 7.80001 -90.06356
40.26300 312.52481 71.00000 415.06671 7.80001 -90.06356
40.28000 312.52480 71.00000 415.04469 7.80001 -90.06356
40.29700 312.52479 71.00000 415.02267 7.80001 -90.06356
40.31200 312.52478 71.00000 415.00195 7.80001 -90.06356
40.33100 312.52477 71.00000 414.97993 7.80001 -90.06356
40.34700 312.52475 71.00000 414.95791 7.80001 -90.06356
40.36500 312.52473 71.00000 414.91517 7.80001 -90.06356
40.39600 312.52472 71.00000 414.89316 7.80001 -90.06356
40.41300 312.52471 71.00000 414.87243 7.80001 -90.06356
40.43000 312.52470 71.00000 414.85042 7.80001 -90.06356
40.44600 312.52469 71.00000 414.82840 7.80001 -90.06356
40.46200 312.52468 71.00000 414.80768 7.80001 -90.06356
40.48000 312.52467 71.00000 414.78566 7.80001 -90.06356
40.49600 312.52466 71.00000 414.76364 7.80001 -90.06356
40.51200 312.52465 71.00000 414.74292 7.80001 -90.06356
40.52900 312.52464 71.00000 414.72090 7.80001 -90.06356
40.54700 312.52463 71.00000 414.69888 7.80001 -90.06356
40.56200 312.52462 71.00000 414.67816 7.80001 -90.06356
40.58000 312.52461 71.00000 414.65614 7.80001 -90.06356
40.59700 312.52460 71.00000 414.63413 7.80001 -90.06356
40.61400 312.52459 71.00000 414.61340 7.80001 -90.06356
40.63000 312.52458 71.00000 414.59139 7.80001 -90.06356
40.64700 312.52457 71.00000 414.56937 7.80001 -90.06356
40.66200 312.52456 71.00000 414.54865 7.80001 -90.06356
40.67900 312.52455 71.00000 414.52663 7.80001 -90.06356
40.69600 312.52454 71.00000 414.50461 7.80001 -90.06356
40.71200 312.52453 71.00000 414.48389 7.80001 -90.06356
40.72900 312.52452 71.00000 414.46187 7.80001 -90.06356
40.74600 312.52451 71.00000 414.43985 7.80001 -90.06356
40.76300 312.52450 71.00000 414.41913 7.80001 -90.06356
40.77900 312.52449 71.00000 414.39711 7.80001 -90.06356
40.79600 312.52448 71.00000 414.37510 7.80001 -90.06356
40.81200 312.52447 71.00000 414.35437 7.80001 -90.06356
40.82900 312.52446 71.00000 414.33236 7.80001 -90.06356
40.84600 312.52444 71.00000 414.31034 7.80001 -90.06356
40.86300 312.52443 71.00000 414.28962 7.80001 -90.06356
40.88000 312.52442 71.00000 414.26760 7.80001 -90.06356
40.89700 312.52441 71.00000 414.24558 7.80001 -90.06356
40.91300 312.52440 71.00000 414.22486 7.80001 -90.06356
40.92900 312.52439 71.00000 414.20284 7.80001 -90.06356
40.94600 312.52438 71.00000 414.18082 7.80001 -90.06356
40.96200 312.52437 71.00000 414.16010 7.80001 -90.06356
40.97900 312.52436 71.00000 414.13808 7.80001 -90.06356
40.99600 312.52435 71.00000 414.11606 7.80001 -90.06356
41.01400 312.52434 71.00000 414.09534 7.80001 -90.06356
41.03100 312.52433 71.00000 414.07332 7.80001 -90.06356
41.04600 312.52432 71.00000 414.05131 7.80001 -90.06356
41.06500 312.52431 71.00000 414.03058 7.80001 -90.06356
41.09600 312.52429 71.00000 413.98655 7.80001 -90.06356
41.11400 312.52428 71.00000 413.96583 7.80001 -90.06356
41.12900 312.52427 71.00000 413.94381 7.80001 -90.06356
41.14600 312.52426 71.00000 413.92179 7.80001 -90.06356
41.16300 312.52425 71.00000 413.90107 7.80001 -90.06356
41.17900 312.52424 71.00000 413.87905 7.80001 -90.06356
41.19600 312.52423 71.00000 413.85703 7.80001 -90.06356
41.21300 312.52422 71.00000 413.83631 7.80001 -90.06356
41.22900 312.52421 71.00000 413.81429 7.80001 -90.06356
41.24600 312.52420 71.00000 413.79228 7.80001 -90.06356
41.26200 312.52419 71.00000 413.77155 7.80001 -90.06356
41.27900 312.52418 71.00000 413.74954 7.80001 -90.06356
41.29600 312.52417 71.00000 413.72752 7.80001 -90.06356
41.31200 312.52416 71.00000 413.70680 7.80001 -90.06356
41.32900 312.52415 71.00000 413.68478 7.80001 -90.06356
41.34600 312.52413 71.00000 413.66276 7.80001 -90.06356
41.36200 312.52412 71.00000 413.64204 7.80001 -90.06356
41.37900 312.52411 71.00000 413.62002 7.80001 -90.06356
41.39600 312.52410 71.00000 413.59800 7.80001 -90.06356
41.41200 312.52409 71.00000 413.57728 7.80001 -90.06356
41.42900 312.52408 71.00000 413.55526 7.80001 -90.06356
41.44600 312.52407 71.00000 413.53325 7.80001 -90.06356
41.46100 312.52406 71.00000 413.51252 7.80001 -90.06356
41.47900 312.52405 71.00000 413.49051 7.80001 -90.06356
41.49600 312.52404 71.00000 413.46849 7.80001 -90.06356
41.51200 312.52403 71.00000 413.44777 7.80001 -90.06356
41.52900 312.52402 71.00000 413.42575 7.80001 -90.06356
41.54600 312.52401 71.00000 413.40373 7.80001 -90.06356
41.56300 312.52400 71.00000 413.38301 7.80001 -90.06356
41.58100 312.52399 71.00000 413.36099 7.80001 -90.06356
41.59600 312.52398 71.00000 413.33897 7.80001 -90.06356
41.61200 312.52397 71.00000 413.31825 7.80001 -90.06356
41.62900 312.52396 71.00000 413.29623 7.80001 -90.06356
41.64600 312.52395 71.00000 413.27421 7.80001 -90.06356
41.66200 312.52394 71.00000 413.25349 7.80001 -90.06356
41.67900 312.52393 71.00000 413.23147 7.80001 -90.06356
41.69600 312.52392 71.00000 413.20946 7.80001 -90.06356
41.71200 312.52391 71.00000 413.18873 7.80001 -90.06356
41.72900 312.52390 71.00000 413.16672 7.80001 -90.06356
41.74600 312.52389 71.00000 413.14470 7.80001 -90.06356
41.76300 312.52388 71.00000 413.12398 7.80001 -90.06356
41.77900 312.52387 71.00000 413.10196 7.80001 -90.06356
41.79600 312.52386 71.00000 413.07994 7.80001 -90.06356
41.81200 312.52385 71.00000 413.05922 7.80001 -90.06356
41.82900 312.52384 71.00000 413.03720 7.80001 -90.06356
41.84600 312.52382 71.00000 413.01518 7.80001 -90.06356
41.86200 312.52381 71.00000 412.99446 7.80001 -90.06356
41.87900 312.52380 71.00000 412.97244 7.80001 -90.06356
41.89500 312.52379 71.00000 412.95043 7.80001 -90.06356
41.91200 312.52378 71.00000 412.92970 7.80001 -90.06356
41.92900 312.52377 71.00000 412.90769 7.80001 -90.06356
41.94600 312.52376 71.00000 412.88567 7.80001 -90.06356
41.96200 312.52375 71.00000 412.86495 7.80001 -90.06356
41.97900 312.52374 71.00000 412.84293 7.80001 -90.06356
41.99600 312.52373 71.00000 412.82091 7.80001 -90.06356
42.01300 312.52372 71.00000 412.80019 7.80001 -90.06356
42.02900 312.52371 71.00000 412.77817 7.80001 -90.06356
42.04600 312.52370 71.00000 412.75615 7.80001 -90.06356
42.06200 312.52369 71.00000 412.73543 7.80001 -90.06356
42.07900 312.52368 71.00000 412.71341 7.80001 -90.06356
42.09600 312.52367 71.00000 412.69140 7.80001 -90.06356
42.11200 312.52366 71.00000 412.67067 7.80001 -90.06356
42.13200 312.52364 71.00000 412.62664 7.80001 -90.06356
42.17000 312.52363 71.00000 412.60592 7.80001 -90.06356
42.19600 312.52361 71.00000 412.56188 7.80001 -90.06356
42.21200 312.52360 71.00000 412.54116 7.80001 -90.06356
42.22900 312.52359 71.00000 412.51914 7.80001 -90.06356
42.24600 312.52358 71.00000 412.49712 7.80001 -90.06356
42.26300 312.52357 71.00000 412.47640 7.80001 -90.06356
42.27900 312.52356 71.00000 412.45438 7.80001 -90.06356
42.29600 312.52355 71.00000 412.43237 7.80001 -90.06356
42.31200 312.52354 71.00000 412.41164 7.80001 -90.06356
42.32900 312.52353 71.00000 412.38963 7.80001 -90.06356
42.34800 312.52351 71.00000 412.36761 7.80001 -90.06356
42.37900 312.52349 71.00000 412.32487 7.80001 -90.06356
42.39600 312.52348 71.00000 412.30285 7.80001 -90.06356
42.41200 312.52347 71.00000 412.28213 7.80001 -90.06356
42.42900 312.52346 71.00000 412.26011 7.80001 -90.06356
42.44600 312.52345 71.00000 412.23809 7.80001 -90.06356
42.46200 312.52344 71.00000 412.21737 7.80001 -90.06356
42.47900 312.52343 71.00000 412.19535 7.80001 -90.06356
42.49800 312.52344 71.00000 412.21737 7.80001 -90.06356
42.52900 312.52340 71.00000 412.13059 7.80001 -90.06356
42.54600 312.52339 71.00000 412.10858 7.80001 -90.06356
42.56200 312.52338 71.00000 412.08785 7.80001 -90.06356
42.57800 312.52337 71.00000 412.06584 7.80001 -90.06356
42.59600 312.52336 71.00000 412.04382 7.80001 -90.06356
42.61200 312.52335 71.00000 412.02310 7.80001 -90.06356
42.62900 312.52334 71.00000 412.00108 7.80001 -90.06356
42.64600 312.52333 71.00000 411.97906 7.80001 -90.06356
42.66200 312.52332 71.00000 411.95834 7.80001 -90.06356
42.67900 312.52331 71.00000 411.93632 7.80001 -90.06356
42.69600 312.52330 71.00000 411.91430 7.80001 -90.06356
42.71200 312.52329 71.00000 411.89358 7.80001 -90.06356
42.72900 312.52328 71.00000 411.87156 7.80001 -90.06356
42.74600 312.52327 71.00000 411.84955 7.80001 -90.06356
42.76200 312.52326 71.00000 411.82882 7.80001 -90.06356
42.77900 312.52325 71.00000 411.80681 7.80001 -90.06356
42.79700 312.52324 71.00000 411.78479 7.80001 -90.06356
42.81200 312.52323 71.00000 411.76407 7.80001 -90.06356
42.82900 312.52322 71.00000 411.74205 7.80001 -90.06356
42.84600 312.52320 71.00000 411.72003 7.80001 -90.06356
42.86200 312.52319 71.00000 411.69931 7.80001 -90.06356
42.87900 312.52318 71.00000 411.67729 7.80001 -90.06356
42.89600 312.52317 71.00000 411.65527 7.80001 -90.06356
42.91200 312.52316 71.00000 411.63455 7.80001 -90.06356
42.92900 312.52315 71.00000 411.61253 7.80001 -90.06356
42.94600 312.52314 71.00000 411.59052 7.80001 -90.06356
42.96200 312.52313 71.00000 411.56979 7.80001 -90.06356
42.97900 312.52312 71.00000 411.54778 7.80001 -90.06356
42.99600 312.52311 71.00000 411.52576 7.80001 -90.06356
43.01200 312.52310 71.00000 411.50504 7.80001 -90.06356
43.02900 312.52309 71.00000 411.48302 7.80001 -90.06356
43.04700 312.52308 71.00000 411.46100 7.80001 -90.06356
43.06300 312.52307 71.00000 411.44028 7.80001 -90.06356
43.08000 312.52306 71.00000 411.41826 7.80001 -90.06356
43.09500 312.52305 71.00000 411.39624 7.80001 -90.06356
43.11200 312.52304 71.00000 411.37552 7.80001 -90.06356
43.12800 312.52303 71.00000 411.35350 7.80001 -90.06356
43.14600 312.52302 71.00000 411.33148 7.80001 -90.06356
43.16300 312.52301 71.00000 411.31076 7.80001 -90.06356
43.17900 312.52300 71.00000 411.28874 7.80001 -90.06356
43.19600 312.52299 71.00000 411.26673 7.80001 -90.06356
43.21200 312.52298 71.00000 411.24600 7.80001 -90.06356
43.22900 312.52297 71.00000 411.22399 7.80001 -90.06356
43.24600 312.52296 71.00000 411.20197 7.80001 -90.06356
43.26200 312.52295 71.00000 411.18125 7.80001 -90.06356
43.27900 312.52294 71.00000 411.15923 7.80001 -90.06356
43.29600 312.52293 71.00000 411.13721 7.80001 -90.06356
43.31200 312.52292 71.00000 411.11649 7.80001 -90.06356
43.32900 312.52290 71.00000 411.09447 7.80001 -90.06356
43.34600 312.52289 71.00000 411.07245 7.80001 -90.06356
43.36300 312.52288 71.00000 411.05173 7.80001 -90.06356
43.38200 312.52286 71.00000 411.00770 7.80001 -90.06356
43.41200 312.52285 71.00000 410.98697 7.80001 -90.06356
43.42800 312.52284 71.00000 410.96496 7.80001 -90.06356
43.44600 312.52283 71.00000 410.94294 7.80001 -90.06356
43.46200 312.52282 71.00000 410.92222 7.80001 -90.06356
43.47900 312.52281 71.00000 410.90020 7.80001 -90.06356
43.49600 312.52280 71.00000 410.87818 7.80001 -90.06356
43.51200 312.52279 71.00000 410.85746 7.80001 -90.06356
43.52800 312.52278 71.00000 410.83544 7.80001 -90.06356
43.54600 312.52277 71.00000 410.81342 7.80001 -90.06356
43.56200 312.52276 71.00000 410.79270 7.80001 -90.06356
43.57800 312.52275 71.00000 410.77068 7.80001 -90.06356
43.59500 312.52274 71.00000 410.74867 7.80001 -90.06356
43.61500 312.52272 71.00000 410.70593 7.80001 -90.06356
43.64600 312.52271 71.00000 410.68391 7.80001 -90.06356
43.66200 312.52270 71.00000 410.66319 7.80001 -90.06356
43.67900 312.52269 71.00000 410.64117 7.80001 -90.06356
43.69500 312.52268 71.00000 410.61915 7.80001 -90.06356
43.71400 312.52267 71.00000 410.59843 7.80001 -90.06356
43.73100 312.52266 71.00000 410.57641 7.80001 -90.06356
43.74800 312.52267 71.00000 410.59843 7.80001 -90.06356
43.77900 312.52263 71.00000 410.51165 7.80001 -90.06356
43.79600 312.52262 71.00000 410.48963 7.80001 -90.06356
43.81200 312.52261 71.00000 410.46891 7.80001 -90.06356
43.82900 312.52259 71.00000 410.44689 7.80001 -90.06356
43.84600 312.52258 71.00000 410.42488 7.80001 -90.06356
43.86200 312.52257 71.00000 410.40415 7.80001 -90.06356
43.87800 312.52256 71.00000 410.38214 7.80001 -90.06356
43.89500 312.52255 71.00000 410.36012 7.80001 -90.06356
43.91200 312.52254 71.00000 410.33940 7.80001 -90.06356
43.92900 312.52253 71.00000 410.31738 7.80001 -90.06356
43.94600 312.52252 71.00000 410.29536 7.80001 -90.06356
43.96200 312.52251 71.00000 410.27464 7.80001 -90.06356
43.97900 312.52250 71.00000 410.25262 7.80001 -90.06356
43.99600 312.52249 71.00000 410.23060 7.80001 -90.06356
44.01200 312.52248 71.00000 410.20988 7.80001 -90.06356
44.02900 312.52247 71.00000 410.18786 7.80001 -90.06356
44.04500 312.52246 71.00000 410.16585 7.80001 -90.06356
44.06200 312.52245 71.00000 410.14512 7.80001 -90.06356
44.07900 312.52244 71.00000 410.12311 7.80001 -90.06356
44.09600 312.52243 71.00000 410.10109 7.80001 -90.06356
44.11200 312.52242 71.00000 410.08037 7.80001 -90.06356
44.12900 312.52241 71.00000 410.05835 7.80001 -90.06356
44.14600 312.52240 71.00000 410.03633 7.80001 -90.06356
44.16200 312.52239 71.00000 410.01561 7.80001 -90.06356
44.17900 312.52238 71.00000 409.99359 7.80001 -90.06356
44.19600 312.52237 71.00000 409.97157 7.80001 -90.06356
44.21200 312.52236 71.00000 409.95085 7.80001 -90.06356
44.22900 312.52235 71.00000 409.92883 7.80001 -90.06356
44.24600 312.52234 71.00000 409.90682 7.80001 -90.06356
44.26200 312.52233 71.00000 409.88609 7.80001 -90.06356
44.27900 312.52232 71.00000 409.86408 7.80001 -90.06356
44.29600 312.52231 71.00000 409.84206 7.80001 -90.06356
44.31100 312.52230 71.00000 409.82134 7.80001 -90.06356
44.32900 312.52228 71.00000 409.79932 7.80001 -90.06356
44.34600 312.52227 71.00000 409.77730 7.80001 -90.06356
44.36200 312.52226 71.00000 409.75658 7.80001 -90.06356
44.37800 312.52225 71.00000 409.73456 7.80001 -90.06356
44.39700 312.52224 71.00000 409.71254 7.80001 -90.06356
44.41200 312.52223 71.00000 409.69182 7.80001 -90.06356
44.42900 312.52222 71.00000 409.66980 7.80001 -90.06356
44.44600 312.52221 71.00000 409.64778 7.80001 -90.06356
44.46200 312.52220 71.00000 409.62706 7.80001 -90.06356
44.47900 312.52219 71.00000 409.60504 7.80001 -90.06356
44.49800 312.52217 71.00000 409.56230 7.80001 -90.06356
44.52900 312.52216 71.00000 409.54029 7.80001 -90.06356
44.54600 312.52215 71.00000 409.51827 7.80001 -90.06356
44.56200 312.52214 71.00000 409.49755 7.80001 -90.06356
44.57900 312.52213 71.00000 409.47553 7.80001 -90.06356
44.59600 312.52212 71.00000 409.45351 7.80001 -90.06356
44.61300 312.52211 71.00000 409.43279 7.80001 -90.06356
44.63000 312.52210 71.00000 409.41077 7.80001 -90.06356
44.64900 312.52208 71.00000 409.36803 7.80001 -90.06356
44.67900 312.52207 71.00000 409.34601 7.80001 -90.06356
44.69600 312.52206 71.00000 409.32400 7.80001 -90.06356
44.71200 312.52205 71.00000 409.30327 7.80001 -90.06356
44.72900 312.52204 71.00000 409.28126 7.80001 -90.06356
44.74600 312.52203 71.00000 409.25924 7.80001 -90.06356
44.76200 312.52202 71.00000 409.23852 7.80001 -90.06356
44.77900 312.52201 71.00000 409.21650 7.80001 -90.06356
44.79600 312.52200 71.00000 409.19448 7.80001 -90.06356
44.81200 312.52199 71.00000 409.17376 7.80001 -90.06356
44.82900 312.52197 71.00000 409.15174 7.80001 -90.06356
44.84600 312.52196 71.00000 409.12972 7.80001 -90.06356
44.86200 312.52195 71.00000 409.10900 7.80001 -90.06356
44.87900 312.52194 71.00000 409.08698 7.80001 -90.06356
44.89600 312.52193 71.00000 409.06497 7.80001 -90.06356
44.91200 312.52192 71.00000 409.04424 7.80001 -90.06356
44.93000 312.52191 71.00000 409.02223 7.80001 -90.06356
44.94600 312.52190 71.00000 409.00021 7.80001 -90.06356
44.96100 312.52189 71.00000 408.97949 7.80001 -90.06356
44.97800 312.52188 71.00000 408.95747 7.80001 -90.06356
44.99500 312.52187 71.00000 408.93545 7.80001 -90.06356
45.01200 312.52186 71.00000 408.91473 7.80001 -90.06356
45.02900 312.52185 71.00000 408.89271 7.80001 -90.06356
45.04700 312.52184 71.00000 408.87069 7.80001 -90.06356
45.06200 312.52183 71.00000 408.84997 7.80001 -90.06356
45.07800 312.52182 71.00000 408.82795 7.80001 -90.06356
45.09500 312.52181 71.00000 408.80593 7.80001 -90.06356
45.11200 312.52180 71.00000 408.78521 7.80001 -90.06356
45.12900 312.52179 71.00000 408.76319 7.80001 -90.06356
45.14700 312.52178 71.00000 408.74118 7.80001 -90.06356
45.16200 312.52177 71.00000 408.72045 7.80001 -90.06356
45.17900 312.52176 71.00000 408.69844 7.80001 -90.06356
45.19600 312.52175 71.00000 408.67642 7.80001 -90.06356
45.21200 312.52174 71.00000 408.65570 7.80001 -90.06356
45.23000 312.52173 71.00000 408.63368 7.80001 -90.06356
45.24600 312.52172 71.00000 408.61166 7.80001 -90.06356
45.26300 312.52171 71.00000 408.59094 7.80001 -90.06356
45.27900 312.52170 71.00000 408.56892 7.80001 -90.06356
45.29600 312.52169 71.00000 408.54690 7.80001 -90.06356
45.31200 312.52168 71.00000 408.52618 7.80001 -90.06356
45.32900 312.52166 71.00000 408.50416 7.80001 -90.06356
45.34600 312.52165 71.00000 408.48215 7.80001 -90.06356
45.36200 312.52164 71.00000 408.46142 7.80001 -90.06356
45.38000 312.52163 71.00000 408.43941 7.80001 -90.06356
45.39600 312.52162 71.00000 408.41739 7.80001 -90.06356
45.41200 312.52161 71.00000 408.39667 7.80001 -90.06356
45.43000 312.52160 71.00000 408.37465 7.80001 -90.06356
45.44600 312.52159 71.00000 408.35263 7.80001 -90.06356
45.46200 312.52158 71.00000 408.33191 7.80001 -90.06356
45.48000 312.52157 71.00000 408.30989 7.80001 -90.06356
45.49600 312.52156 71.00000 408.28787 7.80001 -90.06356
45.51200 312.52155 71.00000 408.26715 7.80001 -90.06356
45.52900 312.52154 71.00000 408.24513 7.80001 -90.06356
45.54600 312.52153 71.00000 408.22312 7.80001 -90.06356
45.56200 312.52152 71.00000 408.20239 7.80001 -90.06356
45.57900 312.52151 71.00000 408.18038 7.80001 -90.06356
45.59500 312.52150 71.00000 408.15836 7.80001 -90.06356
45.61200 312.52149 71.00000 408.13764 7.80001 -90.06356
45.63400 312.52147 71.00000 408.09360 7.80001 -90.06356
45.66200 312.52146 71.00000 408.07288 7.80001 -90.06356
45.67900 312.52145 71.00000 408.05086 7.80001 -90.06356
45.69500 312.52144 71.00000 408.02884 7.80001 -90.06356
45.71200 312.52143 71.00000 408.00812 7.80001 -90.06356
45.72900 312.52142 71.00000 407.98610 7.80001 -90.06356
45.74600 312.52141 71.00000 407.96409 7.80001 -90.06356
45.76200 312.52140 71.00000 407.94336 7.80001 -90.06356
45.78800 312.52138 71.00000 407.89933 7.80001 -90.06356
45.81200 312.52137 71.00000 407.87860 7.80001 -90.06356
45.82800 312.52135 71.00000 407.85659 7.80001 -90.06356
45.84600 312.52134 71.00000 407.83457 7.80001 -90.06356
45.86200 312.52133 71.00000 407.81385 7.80001 -90.06356
45.87900 312.52132 71.00000 407.79183 7.80001 -90.06356
45.89600 312.52131 71.00000 407.76981 7.80001 -90.06356
45.91200 312.52130 71.00000 407.74909 7.80001 -90.06356
45.92900 312.52129 71.00000 407.72707 7.80001 -90.06356
45.94600 312.52128 71.00000 407.70505 7.80001 -90.06356
45.96200 312.52127 71.00000 407.68433 7.80001 -90.06356
45.98000 312.52126 71.00000 407.66231 7.80001 -90.06356
45.99600 312.52125 71.00000 407.64030 7.80001 -90.06356
46.01200 312.52124 71.00000 407.61957 7.80001 -90.06356
46.02800 312.52123 71.00000 407.59756 7.80001 -90.06356
46.04600 312.52122 71.00000 407.57554 7.80001 -90.06356
46.06200 312.52121 71.00000 407.55482 7.80001 -90.06356
46.07900 312.52120 71.00000 407.53280 7.80001 -90.06356
46.09600 312.52119 71.00000 407.51078 7.80001 -90.06356
46.11200 312.52118 71.00000 407.49006 7.80001 -90.06356
46.12800 312.52117 71.00000 407.46804 7.80001 -90.06356
46.14600 312.52116 71.00000 407.44602 7.80001 -90.06356
46.16200 312.52115 71.00000 407.42530 7.80001 -90.06356
46.17800 312.52114 71.00000 407.40328 7.80001 -90.06356
46.19500 312.52113 71.00000 407.38127 7.80001 -90.06356
46.21200 312.52112 71.00000 407.36054 7.80001 -90.06356
46.22800 312.52111 71.00000 407.33853 7.80001 -90.06356
46.24600 312.52110 71.00000 407.31651 7.80001 -90.06356
46.26200 312.52109 71.00000 407.29579 7.80001 -90.06356
46.27900 312.52108 71.00000 407.27377 7.80001 -90.06356
46.29600 312.52107 71.00000 407.25175 7.80001 -90.06356
46.31200 312.52106 71.00000 407.23103 7.80001 -90.06356
46.32900 312.52104 71.00000 407.20901 7.80001 -90.06356
46.34600 312.52103 71.00000 407.18699 7.80001 -90.06356
46.36300 312.52102 71.00000 407.16627 7.80001 -90.06356
46.37900 312.52101 71.00000 407.14425 7.80001 -90.06356
46.39600 312.52100 71.00000 407.12224 7.80001 -90.06356
46.41200 312.52099 71.00000 407.10151 7.80001 -90.06356
46.42900 312.52098 71.00000 407.07950 7.80001 -90.06356
46.44900 312.52096 71.00000 407.03676 7.80001 -90.06356
46.47900 312.52095 71.00000 407.01474 7.80001 -90.06356
46.49600 312.52094 71.00000 406.99272 7.80001 -90.06356
46.51200 312.52093 71.00000 406.97200 7.80001 -90.06356
46.52900 312.52092 71.00000 406.94998 7.80001 -90.06356
46.54600 312.52091 71.00000 406.92796 7.80001 -90.06356
46.56200 312.52090 71.00000 406.90724 7.80001 -90.06356
46.57900 312.52089 71.00000 406.88522 7.80001 -90.06356
46.59600 312.52088 71.00000 406.86320 7.80001 -90.06356
46.61200 312.52087 71.00000 406.84248 7.80001 -90.06356
46.62800 312.52086 71.00000 406.82046 7.80001 -90.06356
46.64600 312.52085 71.00000 406.79845 7.80001 -90.06356
46.66200 312.52084 71.00000 406.77772 7.80001 -90.06356
46.67900 312.52083 71.00000 406.75571 7.80001 -90.06356
46.69500 312.52082 71.00000 406.73369 7.80001 -90.06356
46.71200 312.52081 71.00000 406.71297 7.80001 -90.06356
46.72900 312.52080 71.00000 406.69095 7.80001 -90.06356
46.74500 312.52079 71.00000 406.66893 7.80001 -90.06356
46.76100 312.52078 71.00000 406.64821 7.80001 -90.06356
46.77900 312.52077 71.00000 406.62619 7.80001 -90.06356
46.79600 312.52076 71.00000 406.60417 7.80001 -90.06356
46.81200 312.52075 71.00000 406.58345 7.80001 -90.06356
46.82900 312.52073 71.00000 406.56143 7.80001 -90.06356
46.84600 312.52072 71.00000 406.53942 7.80001 -90.06356
46.86200 312.52071 71.00000 406.51869 7.80001 -90.06356
46.87900 312.52070 71.00000 406.49668 7.80001 -90.06356
46.89600 312.52069 71.00000 406.47466 7.80001 -90.06356
46.91200 312.52068 71.00000 406.45394 7.80001 -90.06356
46.92900 312.52067 71.00000 406.43192 7.80001 -90.06356
46.94600 312.52066 71.00000 406.40990 7.80001 -90.06356
46.96200 312.52065 71.00000 406.38918 7.80001 -90.06356
46.97900 312.52064 71.00000 406.36716 7.80001 -90.06356
46.99600 312.52063 71.00000 406.34514 7.80001 -90.06356
47.01200 312.52062 71.00000 406.32442 7.80001 -90.06356
47.02900 312.52061 71.00000 406.30240 7.80001 -90.06356
47.04600 312.52060 71.00000 406.28039 7.80001 -90.06356
47.06100 312.52059 71.00000 406.25966 7.80001 -90.06356
47.07800 312.52058 71.00000 406.23765 7.80001 -90.06356
47.09600 312.52057 71.00000 406.21563 7.80001 -90.06356
47.11200 312.52056 71.00000 406.19491 7.80001 -90.06356
47.12900 312.52055 71.00000 406.17289 7.80001 -90.06356
47.14600 312.52054 71.00000 406.15087 7.80001 -90.06356
47.16300 312.52053 71.00000 406.13015 7.80001 -90.06356
47.17900 312.52052 71.00000 406.10813 7.80001 -90.06356
47.19600 312.52051 71.00000 406.08611 7.80001 -90.06356
47.21200 312.52050 71.00000 406.06539 7.80001 -90.06356
47.22900 312.52049 71.00000 406.04337 7.80001 -90.06356
47.24600 312.52048 71.00000 406.02135 7.80001 -90.06356
47.26200 312.52047 71.00000 406.00063 7.80001 -90.06356
47.27900 312.52046 71.00000 405.97861 7.80001 -90.06356
47.29600 312.52045 71.00000 405.95660 7.80001 -90.06356
47.31200 312.52044 71.00000 405.94117 7.80001 -90.06356
47.32900 312.52044 71.00000 405.92914 7.80001 -90.06356
47.34600 312.52044 71.00000 405.91712 7.80001 -90.06356
47.36200 312.52044 71.00000 405.90870 7.80001 -90.06356
47.37900 312.52044 71.00000 405.90213 7.80001 -90.06356
47.39600 312.52044 71.00000 405.89557 7.80001 -90.06356
47.41200 312.52044 71.00000 405.89097 7.80001 -90.06356
47.42800 312.52044 71.00000 405.88739 7.80001 -90.06356
47.44600 312.52044 71.00000 405.88380 7.80001 -90.06356
47.46200 312.52044 71.00000 405.88129 7.80001 -90.06356
47.48000 312.52044 71.00000 405.87933 7.80001 -90.06356
47.49600 312.52044 71.00000 405.87738 7.80001 -90.06356
47.51200 312.52044 71.00000 405.87601 7.80001 -90.06356
47.52900 312.52044 71.00000 405.87494 7.80001 -90.06356
47.54600 312.52044 71.00000 405.87387 7.80001 -90.06356
47.56200 312.52044 71.00000 405.87343 7.80001 -90.06356
47.57900 312.52044 71.00000 405.87343 7.80001 -90.06356
47.59600 312.52044 71.00000 405.87343 7.80001 -90.06356
47.61200 312.52044 71.00000 405.87343 7.80001 -90.06356
47.62800 312.52044 71.00000 405.87343 7.80001 -90.06356
47.64600 312.52044 71.00000 405.87343 7.80001 -90.06356
47.66200 312.52044 71.00000 405.87343 7.80001 -90.06356
47.67900 312.52044 71.00000 405.87343 7.80001 -90.06356
47.69600 312.52044 71.00000 405.87343 7.80001 -90.06356
47.71200 312.52044 71.00000 405.87343 7.80001 -90.06356
47.73000 312.52044 71.00000 405.87343 7.80001 -90.06356
47.74600 312.52044 71.00000 405.87343 7.80001 -90.06356
47.76200 312.52044 71.00000 405.87343 7.80001 -90.06356
47.77900 312.52044 71.00000 405.87343 7.80001 -90.06356
47.79500 312.52044 71.00000 405.87343 7.80001 -90.06356
47.81200 312.52044 71.00000 405.87343 7.80001 -90.06356
47.82900 312.52044 71.00000 405.87343 7.80001 -90.06356
47.84500 312.52044 71.00000 405.87343 7.80001 -90.06356
47.86100 312.52044 71.00000 405.87343 7.80001 -90.06356
47.87900 312.52044 71.00000 405.87343 7.80001 -90.06356
47.89600 312.52044 71.00000 405.87343 7.80001 -90.06356
47.91200 312.52044 71.00000 405.87343 7.80001 -90.06356
47.92800 312.52044 71.00000 405.87343 7.80001 -90.06356
47.94600 312.52044 71.00000 405.87343 7.80001 -90.06356
47.96200 312.52044 71.00000 405.87343 7.80001 -90.06356
47.97900 312.52044 71.00000 405.87343 7.80001 -90.06356
47.99600 312.52044 71.00000 405.87343 7.80001 -90.06356
48.01200 312.52044 71.00000 405.87343 7.80001 -90.06356
48.02900 312.52044 71.00000 405.87343 7.80001 -90.06356
48.04600 312.52044 71.00000 405.87343 7.80001 -90.06356
48.06200 312.52044 71.00000 405.87343 7.80001 -90.06356
48.07900 312.52044 71.00000 405.87343 7.80001 -90.06356
48.09600 312.52044 71.00000 405.87343 7.80001 -90.06356
48.11200 312.52044 71.00000 405.87343 7.80001 -90.06356
48.12800 312.52044 71.00000 405.87343 7.80001 -90.06356
48.14600 312.52044 71.00000 405.87343 7.80001 -90.06356
48.16200 312.52044 71.00000 405.87343 7.80001 -90.06356
48.17900 312.52044 71.00000 405.87343 7.80001 -90.06356
48.19700 312.52044 71.00000 405.87343 7.80001 -90.06356
48.21200 312.52044 71.00000 405.87343 7.80001 -90.06356
48.22900 312.52044 71.00000 405.87343 7.80001 -90.06356
48.24600 312.52044 71.00000 405.87343 7.80001 -90.06356
48.26100 312.52044 71.00000 405.87343 7.80001 -90.06356
48.27900 312.52044 71.00000 405.87343 7.80001 -90.06356
48.29600 312.52044 71.00000 405.87343 7.80001 -90.06356
48.31300 312.52044 71.00000 405.87343 7.80001 -90.06356
48.32900 312.52044 71.00000 405.87343 7.80001 -90.06356
48.34600 312.52044 71.00000 405.87343 7.80001 -90.06356
48.36200 312.52044 71.00000 405.87343 7.80001 -90.06356
48.37900 312.52044 71.00000 405.87343 7.80001 -90.06356
48.39600 312.52044 71.00000 405.87343 7.80001 -90.06356
48.41200 312.52044 71.00000 405.87343 7.80001 -90.06356
48.42800 312.52044 71.00000 405.87343 7.80001 -90.06356
48.44600 312.52044 71.00000 405.87343 7.80001 -90.06356
48.46200 312.52044 71.00000 405.87343 7.80001 -90.06356
48.47900 312.52044 71.00000 405.87343 7.80001 -90.06356
48.49600 312.52044 71.00000 405.87343 7.80001 -90.06356
48.51200 312.52044 71.00000 405.87343 7.80001 -90.06356
48.52900 312.52044 71.00000 405.87343 7.80001 -90.06356
48.54500 312.52044 71.00000 405.87343 7.80001 -90.06356
48.56100 312.52044 71.00000 405.87343 7.80001 -90.06356
48.57800 312.52044 71.00000 405.87343 7.80001 -90.06356
48.59600 312.52044 71.00000 405.87343 7.80001 -90.06356
48.61200 312.52044 71.00000 405.87343 7.80001 -90.06356
48.62900 312.52044 71.00000 405.87343 7.80001 -90.06356
48.64600 312.52044 71.00000 405.87343 7.80001 -90.06356
48.66200 312.52044 71.00000 405.87343 7.80001 -90.06356
48.67900 312.52044 71.00000 405.87343 7.80001 -90.06356
48.69600 312.52044 71.00000 405.87343 7.80001 -90.06356
48.71200 312.52044 71.00000 405.87343 7.80001 -90.06356
48.72900 312.52044 71.00000 405.87343 7.80001 -90.06356
48.74600 312.52044 71.00000 405.87343 7.80001 -90.06356
48.76200 312.52044 71.00000 405.87343 7.80001 -90.06356
48.77900 312.52044 71.00000 405.87343 7.80001 -90.06356
48.79500 312.52044 71.00000 405.87343 7.80001 -90.06356
48.81200 312.52044 71.00000 405.87343 7.80001 -90.06356
48.82900 312.52044 71.00000 405.87343 7.80001 -90.06356
48.84600 312.52044 71.00000 405.87343 7.80001 -90.06356
48.86200 312.52046 71.00000 405.89107 7.80001 -90.06356
48.87900 312.52049 71.00000 405.92439 7.80001 -90.06356
48.89600 312.52053 71.00000 405.95771 7.80001 -90.06356
48.91200 312.52056 71.00000 405.99870 7.80001 -90.06356
48.92900 312.52060 71.00000 406.05021 7.80001 -90.06356
48.94600 312.52063 71.00000 406.10173 7.80001 -90.06356
48.96200 312.52067 71.00000 406.15547 7.80001 -90.06356
48.97900 312.52070 71.00000 406.21691 7.80001 -90.06356
48.99600 312.52074 71.00000 406.27836 7.80001 -90.06356
49.01200 312.52077 71.00000 406.33906 7.80001 -90.06356
49.02900 312.52080 71.00000 406.40593 7.80001 -90.06356
49.04600 312.52084 71.00000 406.47280 7.80001 -90.06356
49.06200 312.52087 71.00000 406.53730 7.80001 -90.06356
49.07900 312.52091 71.00000 406.60714 7.80001 -90.06356
49.09600 312.52094 71.00000 406.67697 7.80001 -90.06356
49.11200 312.52098 71.00000 406.74355 7.80001 -90.06356
49.12900 312.52101 71.00000 406.81499 7.80001 -90.06356
49.14600 312.52105 71.00000 406.88644 7.80001 -90.06356
49.16200 312.52108 71.00000 406.95415 7.80001 -90.06356
49.17900 312.52111 71.00000 407.02648 7.80001 -90.06356
49.19600 312.52115 71.00000 407.09881 7.80001 -90.06356
49.21200 312.52115 71.00000 407.13186 7.80001 -90.06356
49.22800 312.52111 71.00000 407.13804 7.80001 -90.06356
49.24600 312.52108 71.00000 407.14421 7.80001 -90.06356
49.26200 312.52104 71.00000 407.13089 7.80001 -90.06356
49.27900 312.52101 71.00000 407.10094 7.80001 -90.06356
49.29600 312.52097 71.00000 407.07099 7.80001 -90.06356
49.31300 312.52094 71.00000 407.03237 7.80001 -90.06356
49.33000 312.52090 71.00000 406.98269 7.80001 -90.06356
49.34700 312.52087 71.00000 406.93302 7.80001 -90.06356
49.36300 312.52084 71.00000 406.88057 7.80001 -90.06356
49.38000 312.52080 71.00000 406.82013 7.80001 -90.06356
49.39700 312.52077 71.00000 406.75969 7.80001 -90.06356
49.41300 312.52073 71.00000 406.69969 7.80001 -90.06356
49.43000 312.52070 71.00000 406.63337 7.80001 -90.06356
49.45300 312.52062 71.00000 406.49475 7.80001 -90.06356
49.47900 312.52059 71.00000 406.43339 7.80001 -90.06356
49.49600 312.52056 71.00000 406.36386 7.80001 -90.06356
49.51200 312.52054 71.00000 406.31513 7.80001 -90.06356
49.52900 312.52054 71.00000 406.27717 7.80001 -90.06356
49.54500 312.52054 71.00000 406.23921 7.80001 -90.06356
49.56200 312.52054 71.00000 406.21260 7.80001 -90.06356
49.57900 312.52054 71.00000 406.19187 7.80001 -90.06356
49.59600 312.52054 71.00000 406.17114 7.80001 -90.06356
49.61200 312.52054 71.00000 406.15662 7.80001 -90.06356
49.62900 312.52054 71.00000 406.14530 7.80001 -90.06356
49.64600 312.52054 71.00000 406.13398 7.80001 -90.06356
49.66200 312.52054 71.00000 406.12605 7.80001 -90.06356
49.67900 312.52054 71.00000 406.11987 7.80001 -90.06356
49.69600 312.52054 71.00000 406.11369 7.80001 -90.06356
49.71200 312.52056 71.00000 406.12700 7.80001 -90.06356
49.72900 312.52060 71.00000 406.15695 7.80001 -90.06356
49.74600 312.52063 71.00000 406.18689 7.80001 -90.06356
49.76200 312.52067 71.00000 406.22552 7.80001 -90.06356
49.77900 312.52070 71.00000 406.27519 7.80001 -90.06356
49.79500 312.52074 71.00000 406.32486 7.80001 -90.06356
49.81100 312.50311 71.00000 406.35969 7.80001 -90.06356
49.82900 312.46979 71.00000 406.38684 7.80001 -90.06356
49.84500 312.43647 71.00000 406.41400 7.80001 -90.06356
49.86200 312.39548 71.00000 406.43305 7.80001 -90.06356
49.87900 312.34397 71.00000 406.44791 7.80001 -90.06356
49.89500 312.29245 71.00000 406.46277 7.80001 -90.06356
49.91200 312.23871 71.00000 406.47321 7.80001 -90.06356
49.92900 312.17727 71.00000 406.48136 7.80001 -90.06356
49.94500 312.11582 71.00000 406.48951 7.80001 -90.06356
49.96200 312.05512 71.00000 406.49524 7.80001 -90.06356
49.97900 311.98825 71.00000 406.49972 7.80001 -90.06356
49.99500 311.92138 71.00000 406.50421 7.80001 -90.06356
50.01200 311.87452 71.00000 406.50735 7.80001 -90.06356
50.02800 311.83800 71.00000 406.50980 7.80001 -90.06356
50.04500 311.80149 71.00000 406.51225 7.80001 -90.06356
50.06100 311.77593 71.00000 406.53160 7.80001 -90.06356
50.07800 311.75603 71.00000 406.56626 7.80001 -90.06356
50.09500 311.73613 71.00000 406.60092 7.80001 -90.06356
50.11100 311.72220 71.00000 406.64285 7.80001 -90.66356
50.12900 311.71137 71.00000 406.69509 7.80001 -91.71356
50.14600 311.70054 71.00000 406.74733 7.80001 -92.91356
50.16500 311.68962 71.00000 406.86336 7.80001 -94.11356
50.20000 311.68440 71.00000 406.98601 7.65001 -96.36356
50.22800 311.68579 71.00000 407.05287 7.65001 -97.86356
50.24600 311.68717 71.00000 407.11972 7.65001 -98.31355
50.26200 311.69029 71.00000 407.18404 7.50001 -98.76355
50.28000 311.69511 71.00000 407.25351 7.50001 -99.06355
50.29600 311.69993 71.00000 407.32298 7.50001 -99.51355
50.31100 311.70622 71.00000 407.38907 7.50001 -99.96355
50.32800 311.71435 71.00000 407.45987 7.50001 -100.56355
50.34500 311.72248 71.00000 407.53066 7.50001 -101.46355
50.36100 311.73169 71.00000 407.59757 7.50001 -102.81355
50.37900 311.74275 71.00000 407.66888 7.50001 -104.01354
50.39600 311.75381 71.00000 407.74019 7.50001 -105.36354
50.41100 311.76623 71.00000 407.80717 7.50001 -106.71354
50.42800 311.78110 71.00000 407.87824 7.50001 -108.51354
50.44700 311.79596 71.00000 407.94930 7.65001 -110.01354
50.46100 311.80638 71.00000 407.99911 7.80001 -111.81355
50.47800 311.81450 71.00000 408.03791 7.80001 -113.16354
50.49700 311.82261 71.00000 408.07671 7.80001 -114.36354
50.51200 311.82830 71.00000 408.10390 7.95001 -115.26354
50.52900 311.83273 71.00000 408.12509 7.95001 -116.01354
50.54500 311.83716 71.00000 408.14628 7.95001 -116.31355
50.56200 311.84027 71.00000 408.16112 7.95001 -116.61355
50.57900 311.84269 71.00000 408.17269 7.95001 -116.76355
50.59500 311.84511 71.00000 408.18426 7.95001 -116.91355
50.61100 311.84680 71.00000 408.19236 7.95001 -117.06355
50.62900 311.84812 71.00000 408.19868 8.10001 -117.51355
50.64700 311.84944 71.00000 408.20500 8.10001 -117.81355
50.66200 311.84999 71.00000 408.20942 8.10001 -117.96355
50.67900 311.84999 71.00000 408.21287 8.10001 -118.11356
50.69500 311.84999 71.00000 408.21632 8.10001 -118.26356
50.71200 311.86553 71.00000 408.21038 8.10001 -118.26356
50.72800 311.89487 71.00000 408.19649 8.10001 -118.26356
50.74500 311.92422 71.00000 408.18259 8.10001 -118.26356
50.76200 311.96033 71.00000 408.16450 8.10001 -118.26356
50.77800 312.00570 71.00000 408.14114 8.10001 -118.26356
50.79500 312.05107 71.00000 408.11778 8.10001 -118.26356
50.81200 312.09840 71.00000 408.09305 8.10001 -118.26356
50.82900 312.15253 71.00000 408.06452 8.10001 -118.26356
50.84600 312.20665 71.00000 408.03598 8.10001 -118.26356
50.86200 312.24458 71.00000 408.01598 8.10001 -118.26356
50.88000 312.27413 71.00000 408.00041 8.10001 -118.26356
50.89500 312.30368 71.00000 407.98483 8.10001 -118.26356
50.91300 312.32439 71.00000 407.97391 8.10001 -118.26356
50.92800 312.34052 71.00000 407.96540 8.10001 -118.26356
50.94500 312.35665 71.00000 407.95689 8.10001 -118.26356
50.96200 312.36796 71.00000 407.95093 8.10001 -118.26356
50.97800 312.37677 71.00000 407.94629 8.10001 -118.26356
50.99500 312.38558 71.00000 407.94164 8.10001 -118.26356
51.01100 312.39175 71.00000 407.93839 8.10001 -118.26356
51.02900 312.39656 71.00000 407.93585 8.10001 -118.26356
51.04600 312.40137 71.00000 407.93332 8.10001 -118.26356
51.06200 312.40474 71.00000 407.93154 8.10001 -118.26356
51.08000 312.40737 71.00000 407.93016 8.10001 -118.26356
51.09500 312.41000 71.00000 407.92877 8.10001 -118.26356
51.11100 312.39630 71.00000 407.93655 8.10001 -118.26356
51.12900 312.36839 71.00000 407.95233 8.10001 -118.11356
51.14500 312.34047 71.00000 407.96811 7.95001 -117.81355
51.16100 312.30531 71.00000 407.98740 7.95001 -117.36356
51.18100 312.26059 71.00000 408.01156 7.95001 -116.61356
51.19600 312.21588 71.00000 408.03572 7.95001 -115.56355
51.21200 312.16863 71.00000 408.06026 8.10001 -114.21355
51.22900 312.11416 71.00000 408.08783 8.40001 -113.31355
51.24800 312.16863 71.00000 408.06026 8.70002 -112.26355
51.27900 311.94461 71.00000 408.16907 8.85001 -110.31355
51.29500 311.88403 71.00000 408.19674 9.00001 -109.56355
51.31100 311.83384 71.00000 408.23239 9.00001 -108.66354
51.32900 311.78616 71.00000 408.27820 9.15001 -107.76354
51.34500 311.73848 71.00000 408.32402 9.30001 -106.71354
51.36200 311.69654 71.00000 408.37197 9.60001 -105.21354
51.37900 311.65439 71.00000 408.42693 9.75001 -103.41354
51.39600 311.61224 71.00000 408.48188 10.05001 -101.16354
51.41200 311.57268 71.00000 408.53534 10.35001 -99.06354
51.42900 311.53074 71.00000 408.59359 10.50001 -96.81354
51.44600 311.48879 71.00000 408.65183 10.95001 -94.26353
51.46200 311.44765 71.00000 408.70629 11.40001 -91.71353
51.47800 311.40256 71.00000 408.76386 11.55001 -88.86353
51.49500 311.35747 71.00000 408.82142 11.85001 -86.46353
51.51200 311.31238 71.00000 408.87368 12.15001 -83.61353
51.52900 311.26228 71.00000 408.92763 12.45001 -81.06353
51.54600 311.21219 71.00000 408.98157 12.60001 -78.81353
51.56200 311.16212 71.00000 409.02939 12.75001 -75.96353
51.58000 311.10652 71.00000 409.07777 13.05001 -73.41353
51.59600 311.05092 71.00000 409.12614 13.35001 -70.56353
51.61200 310.99572 71.00000 409.16781 13.65001 -68.16353
51.62900 310.93469 71.00000 409.20890 13.80001 -66.06353
51.64600 310.87366 71.00000 409.24998 14.10001 -64.11353
51.66100 310.81389 71.00000 409.28467 14.25001 -62.46353
51.67900 310.74844 71.00000 409.31824 14.25001 -60.96353
51.69500 310.68300 71.00000 409.35180 14.40001 -59.76353
51.71100 310.61972 71.00000 409.37991 14.55001 -58.56353
51.72900 310.55112 71.00000 409.40690 14.55001 -57.81353
51.74600 310.48251 71.00000 409.43389 14.70001 -56.91353
51.76200 310.41681 71.00000 409.45653 14.70001 -56.16353
51.77900 310.34608 71.00000 409.47828 14.70001 -55.41353
51.79600 310.27536 71.00000 409.50004 14.85001 -54.51353
51.81200 310.21143 71.00000 409.50504 15.00001 -53.31353
51.82900 310.14568 71.00000 409.49758 15.15001 -52.11353
51.84600 310.07994 71.00000 409.49012 15.30001 -50.91352
51.86200 310.02017 71.00000 409.47376 15.45001 -49.71352
51.87900 309.95841 71.00000 409.44868 15.60001 -48.96352
51.89600 309.89665 71.00000 409.42360 15.60001 -48.51352
51.91200 309.85226 71.00000 409.38806 15.75001 -48.21352
51.92900 309.81646 71.00000 409.34043 15.75001 -48.06352
51.94600 309.78066 71.00000 409.29280 15.75001 -47.91352
51.96200 309.75465 71.00000 409.24144 15.75001 -47.91352
51.98000 309.73337 71.00000 409.18148 15.75001 -47.91352
51.99600 309.71209 71.00000 409.12152 15.75001 -47.91352
52.01200 309.69627 71.00000 409.06152 15.75001 -47.91352
52.02900 309.68292 71.00000 408.99483 15.75001 -47.91352
52.04600 309.66957 71.00000 408.92814 15.75001 -47.91352
52.06200 309.65931 71.00000 408.86342 15.75001 -47.91352
52.07900 309.65029 71.00000 408.79305 15.75001 -47.91352
52.09600 309.64128 71.00000 408.72269 15.75001 -48.21352
52.11200 309.62180 71.00000 408.66162 15.90001 -48.51352
52.12900 309.59204 71.00000 408.60099 15.90001 -48.81352
52.14600 309.56227 71.00000 408.54037 16.05001 -48.96352
52.16200 309.52810 71.00000 408.48631 16.05001 -49.11352
52.17900 309.48672 71.00000 408.43133 16.05001 -49.11352
52.19600 309.44533 71.00000 408.37636 16.05001 -49.11352
52.21200 309.41633 71.00000 408.33783 16.05001 -49.11352
52.22900 309.39373 71.00000 408.30782 16.05001 -49.11352
52.24600 309.37114 71.00000 408.27780 16.05001 -49.11352
52.26200 309.35530 71.00000 408.25676 16.05001 -49.11352
52.27900 309.34297 71.00000 408.24037 16.05001 -49.11352
52.29600 309.33063 71.00000 408.22399 16.20001 -49.11352
52.31300 309.32198 71.00000 408.21250 16.20001 -49.26352
52.32900 309.31525 71.00000 408.20355 16.20001 -49.56352
52.34600 309.30851 71.00000 408.19460 16.20001 -50.16352
52.36200 309.29249 71.00000 408.20188 16.20001 -51.36352
52.37900 309.26747 71.00000 408.22257 16.05001 -53.46352
52.39600 309.24244 71.00000 408.24327 15.60001 -56.61352
52.41300 309.21520 71.00000 408.27251 15.15001 -60.21352
52.42900 309.18320 71.00000 408.31163 14.85001 -63.81352
52.44600 309.15121 71.00000 408.35075 14.40001 -67.56352
52.46200 309.12205 71.00000 408.39447 13.95001 -72.21352
52.47900 309.09187 71.00000 408.44663 13.65001 -74.61353
52.49500 309.06168 71.00000 408.49879 13.35001 -77.76353
52.51200 309.03679 71.00000 408.55258 12.90001 -80.46352
52.52900 309.01325 71.00000 408.61362 12.75001 -82.71352
52.54600 308.98971 71.00000 408.67466 12.60001 -84.81352
52.56200 308.97162 71.00000 408.73501 12.45001 -86.76352
52.57900 308.95575 71.00000 408.80152 12.30001 -88.86352
52.59600 308.93989 71.00000 408.86803 12.30001 -90.96352
52.61200 308.92906 71.00000 408.93228 12.30001 -93.36352
52.62900 308.92096 71.00000 409.00191 12.15001 -95.31351
52.64700 308.91286 71.00000 409.07154 12.00001 -97.71352
52.66200 308.90954 71.00000 409.13782 11.85001 -100.26352
52.67900 308.90959 71.00000 409.20886 11.85001 -102.81352
52.69700 308.90964 71.00000 409.27990 11.70001 -105.21352
52.71200 308.90072 71.00000 409.34530 11.55001 -108.36353
52.72900 308.88382 71.00000 409.41360 11.25001 -111.21352
52.74600 308.86693 71.00000 409.48189 11.10001 -113.61353
52.76200 308.84853 71.00000 409.54651 10.95001 -116.46352
52.77900 308.82691 71.00000 409.61546 10.80001 -119.46352
52.79600 308.80528 71.00000 409.68440 10.65001 -122.01353
52.81200 308.77517 71.00000 409.74207 10.50001 -124.11353
52.82900 308.73511 71.00000 409.79738 10.20001 -126.51353
52.85100 308.69505 71.00000 409.85269 10.05001 -128.61353
52.86600 308.60528 71.00000 409.95344 9.75001 -131.76352
52.89500 308.55737 71.00000 410.00443 9.45002 -134.16353
52.91200 308.51114 71.00000 410.05246 9.15001 -136.11353
52.92900 308.46108 71.00000 410.10351 9.00002 -137.76352
52.94600 308.41102 71.00000 410.15456 9.00002 -139.71352
52.96200 308.36452 71.00000 410.20380 8.85002 -141.51352
52.98000 308.31565 71.00000 410.25709 8.70002 -143.16351
52.99600 308.26677 71.00000 410.31038 8.55002 -144.81351
53.01100 308.22234 71.00000 410.36215 8.40002 -146.46350
53.02900 308.17646 71.00000 410.41847 8.25002 -147.36349
53.04600 308.13057 71.00000 410.47480 8.10002 -148.56349
53.06500 308.10263 71.00000 410.53178 8.10002 -149.61349
53.09500 308.06846 71.00000 410.65939 8.10002 -150.81349
53.11100 308.06139 71.00000 410.72143 7.95002 -151.11349
53.12900 308.06133 71.00000 410.78898 7.95002 -151.26349
53.14500 308.06126 71.00000 410.85653 7.95002 -151.41348
53.16200 308.06632 71.00000 410.92114 7.95002 -151.41348
53.17800 308.07593 71.00000 410.99064 7.95002 -151.56348
53.19600 308.08553 71.00000 411.06014 7.95002 -151.56348
53.21200 308.10777 71.00000 411.11725 7.95002 -151.71347
53.22800 308.14232 71.00000 411.17106 7.95002 -151.86346
53.24500 308.17686 71.00000 411.22488 7.95002 -152.16347
53.26100 308.21667 71.00000 411.27083 7.95002 -152.31346
53.27800 308.26499 71.00000 411.31577 8.10002 -152.31346
53.29500 308.31332 71.00000 411.36071 8.10002 -152.46346
53.31100 308.36282 71.00000 411.40036 8.10002 -152.61345
53.32800 308.41875 71.00000 411.44031 8.10002 -152.61345
53.34500 308.47468 71.00000 411.48025 8.10002 -152.61345
53.36100 308.52954 71.00000 411.51636 8.25002 -152.76344
53.37800 308.58967 71.00000 411.55350 8.25002 -152.91344
53.39500 308.64979 71.00000 411.59063 8.25002 -152.91344
53.41200 308.70763 71.00000 411.62469 8.25002 -152.91344
53.42900 308.77012 71.00000 411.66014 8.25002 -153.06343
53.44700 308.83262 71.00000 411.69559 8.40002 -153.36343
53.46300 308.89218 71.00000 411.72834 8.40002 -153.51343
53.47800 308.95608 71.00000 411.76264 8.40002 -153.81343
53.49500 309.01999 71.00000 411.79694 8.55002 -153.96342
53.51100 309.08062 71.00000 411.82871 8.55002 -154.11342
53.52800 309.14545 71.00000 411.86207 8.55002 -154.26341
53.54500 309.21028 71.00000 411.89542 8.55002 -154.26341
53.56100 309.27160 71.00000 411.92645 8.70002 -154.41341
53.57800 309.33701 71.00000 411.95913 8.70002 -154.56340
53.59500 309.40242 71.00000 411.99182 8.70002 -154.86340
53.61100 309.46423 71.07560 412.02221 8.70002 -154.86340
53.62800 309.53011 71.21840 412.05421 8.70002 -154.86340
53.64600 309.59599 71.36120 412.08621 8.70002 -155.01340
53.66100 309.64554 71.47998 412.10740 8.70002 -155.01340
53.67800 309.68790 71.59326 412.12254 8.70002 -155.01340
53.69600 309.73026 71.70655 412.13769 8.70002 -155.01340
53.71200 309.77149 71.79786 412.14999 8.70002 -155.01340
53.72900 309.81643 71.88223 412.16144 8.70002 -155.01340
53.74500 309.86136 71.96660 412.17289 8.70002 -155.16339
53.76200 309.90490 72.03100 412.18189 8.85002 -155.61339
53.77900 309.95217 72.08702 412.18997 8.85002 -155.76338
53.79600 309.99945 72.14304 412.19805 8.85002 -155.91338
53.81200 310.04505 72.18106 412.20398 8.85002 -156.21338
53.82900 310.09442 72.20931 412.20891 9.00002 -156.51338
53.84700 310.14380 72.23756 412.21383 9.00002 -156.66338
53.86100 310.19126 72.24973 412.21690 9.00002 -156.96338
53.87800 310.24251 72.25076 412.21887 9.00002 -157.11337
53.89600 310.29376 72.25178 412.22085 9.00002 -157.26337
53.91200 310.34288 72.23862 412.22124 9.00002 -157.41336
53.92900 310.39581 72.21297 412.22046 9.00002 -157.56335
53.94500 310.44874 72.18732 412.21968 9.15001 -157.71335
53.96100 310.49936 72.14934 412.21797 9.15001 -157.71335
53.97900 310.55380 72.09754 412.21534 9.15001 -157.71335
53.99500 310.60823 72.04575 412.21272 9.15001 -157.71335
54.01100 310.66020 71.98344 412.20898 9.15001 -157.71335
54.02800 310.71601 71.90603 412.20397 9.15001 -157.86334
54.04600 310.77182 71.82861 412.19896 9.15001 -157.86334
54.06200 310.82501 71.74246 412.19308 9.15001 -157.86334
54.07900 310.88207 71.63994 412.18587 9.30001 -158.01334
54.09500 310.93912 71.53742 412.17867 9.30001 -158.01334
54.11200 310.99341 71.42790 412.17082 9.30001 -158.16333
54.12900 311.05159 71.30077 412.16161 9.30001 -158.31332
54.14600 311.10977 71.17364 412.15239 9.45001 -158.61333
54.16200 311.16506 71.09946 412.14272 9.45001 -158.91333
54.18000 311.22423 71.05822 412.13161 9.60001 -159.21333
54.19600 311.28340 71.01698 412.12050 9.60001 -159.51334
54.21100 311.35265 71.07560 412.10311 9.60001 -159.96333
54.22800 311.43744 71.21840 412.07890 9.60001 -160.41333
54.24500 311.52222 71.36120 412.05468 9.60001 -160.71333
54.26100 311.58489 71.47998 412.03615 9.60001 -160.86333
54.27900 311.63730 71.59326 412.01998 9.60001 -160.86333
54.29600 311.68972 71.70655 412.00381 9.60001 -161.01332
54.31100 311.73980 71.79786 411.98778 9.75001 -161.31332
54.32900 311.79361 71.88223 411.97008 9.75001 -161.31332
54.34600 311.84742 71.96660 411.95239 9.75001 -161.31332
54.36200 311.89873 72.03100 411.93498 9.75001 -161.46332
54.37800 311.95380 72.08702 411.91586 9.75001 -161.46332
54.39500 312.00886 72.14304 411.89674 9.75001 -161.46332
54.41200 312.06129 72.18106 411.87805 9.75001 -161.46332
54.42800 312.11748 72.20931 411.85763 9.75001 -161.46332
54.44600 312.17368 72.23756 411.83720 9.75001 -161.46332
54.46100 312.22502 72.24973 411.81560 9.75001 -161.46332
54.47900 312.27827 72.25076 411.79069 9.75001 -161.46332
54.49600 312.33153 72.25178 411.76578 9.75001 -161.46332
54.51200 312.37752 72.23862 411.74031 9.75001 -161.46332
54.52900 312.42295 72.21297 411.71155 9.75001 -161.46332
54.54600 312.46838 72.18732 411.68280 9.75001 -161.46332
54.56100 312.50564 72.14934 411.65598 9.60001 -161.16331
54.57900 312.54066 72.09754 411.62770 9.45001 -160.86331
54.59500 312.57569 72.04575 411.59942 9.30001 -160.41331
54.61100 312.60367 71.98344 411.57296 9.30001 -159.81331
54.62900 312.62926 71.90603 411.54499 9.30001 -158.76331
54.64600 312.65486 71.82861 411.51701 9.30001 -157.41330
54.66100 312.67447 71.74246 411.49066 9.60001 -155.91330
54.67900 312.69161 71.63994 411.46265 9.75001 -154.41330
54.69600 312.70875 71.53742 411.43463 9.90001 -153.06329
54.71200 312.72092 71.42790 411.40800 10.05001 -151.86330
54.72800 312.73058 71.30077 411.37949 10.20001 -151.26329
54.74700 312.74024 71.17364 411.35098 10.20001 -150.96329
54.76400 312.74578 71.09946 411.32379 10.20001 -150.96329
54.77900 312.74874 71.05822 411.29461 10.20001 -150.96329
54.79500 312.75170 71.01698 411.26542 10.20001 -150.96329
54.81100 312.73704 71.00000 411.24430 10.20001 -150.96329
54.82800 312.70705 71.00000 411.22710 10.20001 -150.96329
54.84600 312.67706 71.00000 411.20989 10.20001 -150.96329
54.86200 312.63873 71.00000 411.20278 10.20001 -150.96329
54.87900 312.58966 71.00000 411.20274 10.20001 -150.96329
54.89500 312.54060 71.00000 411.20270 10.20001 -150.96329
54.91200 312.48890 71.07560 411.20763 10.20001 -150.96329
54.92800 312.42943 71.21840 411.21698 10.20001 -150.96329
54.94600 312.36995 71.36120 411.22633 10.20001 -150.81329
54.96200 312.32480 71.47998 411.23387 10.20001 -150.81329
54.97900 312.28578 71.59326 411.24082 10.20001 -150.66330
54.99600 312.24676 71.70655 411.24778 10.05001 -150.51331
55.01200 312.20843 71.79786 411.25496 10.05001 -150.51331
55.02900 312.16637 71.88223 411.26311 9.90001 -150.36331
55.04600 312.12431 71.96660 411.27126 9.90001 -150.21332
55.06200 312.08326 72.03100 411.27949 9.90001 -150.06332
55.07900 312.03842 72.08702 411.28869 9.75001 -149.91333
55.09600 311.99359 72.14304 411.29789 9.60001 -149.76334
55.11200 311.95048 72.18106 411.30434 9.60001 -149.46333
55.12900 311.90392 72.20931 411.30935 9.45002 -148.86333
55.14600 311.85736 72.23756 411.31437 9.45002 -148.11333
55.16200 311.81277 72.24973 411.31699 9.45002 -147.21333
55.17900 311.76474 72.25076 411.31804 9.30002 -146.31334
55.19700 311.71672 72.25178 411.31908 9.30002 -145.26334
55.21400 311.67090 72.23862 411.31750 9.30002 -143.91333
55.23100 311.62172 72.21297 411.31370 9.30002 -143.01334
55.24800 311.57254 72.18732 411.30991 9.45002 -141.96333
55.28100 311.47582 72.09754 411.29678 9.60001 -140.16333
55.29700 311.42582 72.04575 411.28921 9.75001 -139.41333
55.31500 311.37846 71.98344 411.28016 9.75001 -138.81332
55.34500 311.27734 71.82861 411.25773 9.90001 -136.56332
55.36100 311.22960 71.74246 411.24528 10.20001 -135.21332
55.37900 311.17875 71.63994 411.23049 10.35001 -133.26332
55.39500 311.12790 71.53742 411.21570 10.50001 -131.61333
55.41100 311.08012 71.42790 411.19985 10.65001 -129.51332
55.42900 311.02942 71.30077 411.18140 10.95001 -127.11332
55.44600 310.97872 71.17364 411.16296 11.25001 -124.71332
55.46200 310.93141 71.09946 411.14359 11.55001 -122.46332
55.47800 310.88148 71.05822 411.12133 11.70001 -119.61332
55.49600 310.83155 71.01698 411.09907 11.85001 -117.36332
55.51200 310.77883 71.00000 411.06351 12.00001 -115.26332
55.52900 310.71807 71.00000 411.01366 12.00001 -113.31332
55.54500 310.65732 71.00000 410.96381 12.15001 -111.51332
55.56200 310.60828 71.07560 410.91247 12.15001 -110.16332
55.57900 310.56289 71.21840 410.85425 12.15001 -109.11332
55.59500 310.51750 71.36120 410.79603 12.15001 -108.21332
55.61100 310.48459 71.47998 410.75188 12.15001 -107.46332
55.62900 310.45773 71.59326 410.71377 12.15001 -106.71332
55.64600 310.43086 71.70655 410.67565 12.15001 -105.96332
55.66200 310.40589 71.79786 410.63820 11.85001 -105.06332
55.67900 310.37961 71.88223 410.59711 11.85001 -103.71332
55.69600 310.35333 71.96660 410.55601 11.85001 -102.21332
55.71200 310.32910 72.03100 410.51585 11.85001 -100.41331
55.72900 310.30378 72.08702 410.47194 11.85001 -98.76331
55.74600 310.27846 72.14304 410.42803 11.85001 -96.96331
55.76200 310.25540 72.18106 410.38530 11.85001 -94.86331
55.77900 310.23155 72.20931 410.33873 11.85001 -92.76331
55.79600 310.20770 72.23756 410.29216 11.85001 -90.51331
55.81200 310.18635 72.24973 410.24702 11.85001 -88.41331
55.82900 310.16459 72.25076 410.19797 11.85001 -85.86331
55.84600 310.14282 72.25178 410.14893 11.85001 -83.01331
55.86200 310.12380 72.23862 410.10160 11.85001 -80.01331
55.87900 310.10481 72.21297 410.05036 12.15001 -76.71331
55.89600 310.08581 72.18732 409.99912 12.15001 -73.41331
55.91200 310.06985 72.14934 409.94995 12.30001 -70.11330
55.92900 310.05446 72.09754 409.89693 12.45001 -66.81330
55.94600 310.03908 72.04575 409.84391 12.45001 -63.51330
55.96200 310.02690 71.98344 409.79338 12.45001 -60.21330
55.97900 310.01588 71.90603 409.73917 12.45001 -57.66330
55.99600 310.00485 71.82861 409.68496 12.60001 -55.26330
56.01200 309.99700 71.74246 409.63362 12.60001 -53.16330
56.02900 309.99077 71.63994 409.57881 12.60001 -51.06330
56.04600 309.98453 71.53742 409.52400 12.60001 -49.11330
56.06200 309.98126 71.42790 409.47236 12.60001 -47.16330
56.07900 309.97995 71.30077 409.41745 12.60001 -45.21330
56.09600 309.97863 71.17364 409.36253 12.60001 -43.41330
56.11300 309.98002 71.09946 409.31104 12.60001 -41.61330
56.13000 309.98366 71.05822 409.25649 12.60001 -39.66330
56.14700 309.98731 71.01698 409.20194 12.60001 -37.86330
56.16300 310.00449 71.00000 409.14237 12.60001 -36.21330
56.17900 310.03411 71.00000 409.07228 12.60001 -34.71330
56.19600 310.06373 71.00000 409.00219 12.60001 -33.36330
56.21200 310.09922 71.00000 408.94337 12.75001 -32.16330
56.23000 310.14322 71.00000 408.88678 12.75001 -31.11330
56.24600 310.18722 71.00000 408.83018 12.75001 -30.06330
56.26200 310.23545 71.00000 408.79516 12.75001 -28.86330
56.27900 310.29232 71.00000 408.77303 12.75001 -27.96330
56.30100 310.40615 71.00000 408.74102 12.75001 -26.76330
56.32900 310.46950 71.00000 408.73957 12.75001 -24.51330
56.34600 310.53284 71.00000 408.73812 12.75001 -23.76330
56.36200 310.59401 71.00000 408.74405 12.75001 -23.01330
56.37900 310.66029 71.00000 408.75637 12.60001 -22.56330
56.39600 310.72656 71.00000 408.76868 12.45001 -22.26330
56.41200 310.78961 71.00000 408.78428 12.15001 -21.96330
56.42900 310.85715 71.00000 408.80414 11.85001 -21.51330
56.44600 310.92469 71.00000 408.82401 11.55001 -20.91330
56.46200 310.98846 71.07560 408.84528 11.10001 -20.31330
56.47900 311.05638 71.21840 408.87000 10.50001 -19.56330
56.49600 311.12429 71.36120 408.89473 10.05001 -18.96330
56.51200 311.17512 71.47998 408.91364 9.90001 -18.51330
56.52900 311.21832 71.59326 408.93012 9.75001 -17.91330
56.54600 311.26151 71.70655 408.94660 9.45001 -17.16330
56.56200 311.30328 71.79786 408.96301 9.30001 -16.56330
56.57900 311.34860 71.88223 408.98119 9.00001 -15.66330
56.59600 311.39392 71.96660 408.99937 8.85001 -14.91330
56.61200 311.43753 72.03100 409.01741 8.55001 -14.01330
56.62900 311.48465 72.08702 409.03736 8.40001 -12.66330
56.64800 311.53177 72.14304 409.05731 8.10001 -11.31330
56.68000 311.62541 72.20931 409.09906 7.95001 -8.16330
56.69600 311.67395 72.23756 409.12098 7.95001 -6.96330
56.71200 311.72016 72.24973 409.14279 7.95001 -6.06330
56.72900 311.76968 72.25076 409.16693 7.95001 -4.56330
56.74600 311.81921 72.25178 409.19108 7.95001 -2.16330
56.76300 311.86610 72.23862 409.21510 7.95001 0.38670
56.77900 311.91616 72.21297 409.24169 7.95001 3.83670
56.79600 311.96621 72.18732 409.26828 8.10001 6.98670
56.81200 312.01316 72.14934 409.29488 8.10001 9.98670
56.82900 312.06289 72.09754 409.32444 8.40001 12.23670
56.84500 312.11263 72.04575 409.35400 8.70001 14.33670
56.86100 312.15708 71.98344 409.38041 8.70001 16.88670
56.87900 312.20234 71.90603 409.40730 8.70001 18.98670
56.89500 312.24760 71.82861 409.43420 8.85001 21.38670
56.91200 312.28804 71.74246 409.45823 8.85001 23.93670
56.92900 312.32923 71.63994 409.48271 8.85001 26.93670
56.94600 312.37042 71.53742 409.50719 8.85001 29.63670
56.96200 312.40722 71.42790 409.52906 8.85001 32.78670
56.97900 312.44470 71.30077 409.55133 8.85001 35.48670
56.99600 312.48218 71.17364 409.57360 8.85001 38.03670
57.01200 312.51567 71.09946 409.59351 8.85001 40.58670
57.03000 312.54978 71.05822 409.61377 8.55001 43.13670
57.04500 312.58389 71.01698 409.63404 8.55001 45.98669
57.06200 312.61437 71.00000 409.65215 8.55001 49.58669
57.07900 312.64540 71.00000 409.67060 8.40001 54.08669
57.09600 312.67644 71.00000 409.68904 8.40001 58.58669
57.11200 312.69820 71.00000 409.70197 8.40001 63.98669
57.12900 312.71514 71.00000 409.71204 8.40001 69.53670
57.14600 312.73209 71.00000 409.72211 8.40001 75.23669
57.16200 312.73947 71.00000 409.71211 8.55001 80.93669
57.17800 312.74023 71.00000 409.68539 8.55001 83.63669
57.19500 312.74099 71.00000 409.65867 8.70001 88.13669
57.21100 312.74073 71.00000 409.62231 8.85001 92.48669
57.22800 312.73964 71.00000 409.57442 9.15001 97.43668
57.24500 312.73856 71.00000 409.52653 9.30001 99.68668
57.26200 312.72771 71.00000 409.47828 9.45001 101.63668
57.27800 312.70805 71.00000 409.42439 9.75001 103.73668
57.29600 312.68840 71.00000 409.37049 10.05001 105.53668
57.31100 312.66577 71.00000 409.31705 10.50001 107.78668
57.33000 312.63831 71.00000 409.25802 10.95001 108.98668
57.34600 312.61086 71.00000 409.19900 11.40001 110.63668
57.36400 312.58419 71.00000 409.14123 11.70001 112.58668
57.38100 312.55517 71.00000 409.07803 12.15001 114.83668
57.39600 312.52615 71.00000 409.01483 12.45001 117.08668
57.41200 312.50027 71.00000 408.95341 12.75001 119.18668
57.42900 312.47397 71.00000 408.88656 13.05001 121.28667
57.44600 312.44766 71.00000 408.81970 13.35001 123.68668
57.46200 312.42570 71.07560 408.75519 13.35001 124.58668
57.47900 312.40466 71.21840 408.68535 13.35001 125.78667
57.49600 312.38363 71.36120 408.61550 13.50001 126.98667
57.51100 312.36839 71.47998 408.56299 13.50001 127.73667
57.53200 312.35595 71.59326 408.51812 13.50001 128.18668
57.56200 312.33199 71.79786 408.42959 13.50001 128.48666
57.57900 312.31989 71.88223 408.38200 13.65001 128.48666
57.59600 312.30779 71.96660 408.33442 13.65001 128.33667
57.61200 312.29655 72.03100 408.28833 13.95001 128.33667
57.62900 312.28475 72.08702 408.23827 15.00001 127.73667
57.64600 312.27295 72.14304 408.18822 15.00001 127.73667
57.66200 312.26194 72.18106 408.13992 15.00001 127.73667
57.67900 312.25034 72.20931 408.08762 15.00001 127.73667
57.69600 312.23874 72.23756 408.03533 15.00001 127.73667
57.71300 312.22792 72.24973 407.98503 15.00001 127.73667
57.72900 312.21650 72.25076 407.93069 15.00001 127.73667
57.74600 312.20508 72.25178 407.87636 15.00001 127.73667
57.76400 312.19443 72.23862 407.82424 15.00001 127.73667
57.77900 312.18318 72.21297 407.76805 15.00001 127.73667
57.79600 312.17193 72.18732 407.71186 15.00001 127.73667
57.81200 312.16142 72.14934 407.65808 15.00001 127.73667
57.82900 312.15032 72.09754 407.60020 15.00001 127.73667
57.84600 312.13922 72.04575 407.54232 15.00001 127.73667
57.86200 312.12885 71.98344 407.48704 15.00001 127.73667
57.88500 312.10693 71.82861 407.36821 15.00001 127.73667
57.91200 312.09668 71.74246 407.31155 15.00001 127.73667
57.92900 312.08585 71.63994 407.25074 15.00001 127.73667
57.94600 312.07502 71.53742 407.18992 15.00001 127.73667
57.96200 312.06488 71.42790 407.13201 15.00001 130.58667
57.97900 312.05416 71.30077 407.06993 15.45001 136.43668
57.99600 312.04344 71.17364 407.00785 15.15001 143.33667
58.01200 312.03439 71.09946 406.94881 15.45001 148.43668
58.02900 312.02562 71.05822 406.88558 15.45001 153.23668
58.04600 312.01685 71.01698 406.82236 15.45001 157.73668
58.06200 312.01597 71.07560 406.74926 15.45001 161.63667
58.07900 312.02114 71.21840 406.66037 15.45001 165.38667
58.09600 312.02630 71.36120 406.57148 15.30001 168.98668
58.11200 312.03193 71.47998 406.50619 15.00001 172.58669
58.12900 312.03855 71.59326 406.45202 14.70001 176.18669
58.14600 312.04517 71.70655 406.39785 14.55001 178.58669
58.16200 312.05356 71.79786 406.34683 14.55001 -178.26332
58.18000 312.06427 71.88223 406.29261 14.25001 -174.21332
58.19600 312.07499 71.96660 406.23838 14.25001 -171.36331
58.21200 312.08509 72.03100 406.18644 14.25001 -167.91331
58.22900 312.09583 72.08702 406.13051 14.10001 -164.91331
58.24600 312.10658 72.14304 406.07458 14.10001 -162.36331
58.26200 312.11725 72.18106 406.02124 14.10001 -159.36331
58.27900 312.12905 72.20931 405.96399 14.10001 -156.81331
58.29600 312.14085 72.23756 405.90674 14.10001 -153.81331
58.31200 312.15295 72.24973 405.85242 14.10001 -152.31331
58.33100 312.16663 72.25076 405.79434 14.10001 -150.51331
58.34600 312.18031 72.25178 405.73627 14.10001 -148.41330
58.36200 312.19438 72.23862 405.68137 14.10001 -147.51331
58.38000 312.21032 72.21297 405.62284 14.10001 -145.71330
58.39600 312.22625 72.18732 405.56431 14.10001 -144.06331
58.41300 312.24257 72.14934 405.50916 14.10001 -142.56331
58.43000 312.26098 72.09754 405.45051 14.10001 -141.06331
58.44600 312.27939 72.04575 405.39185 14.25001 -139.26331
58.46200 312.29815 71.98344 405.33677 14.25001 -138.36331
58.47900 312.31926 71.90603 405.27834 14.40001 -137.01331
58.49600 312.34036 71.82861 405.21992 14.40001 -135.81331
58.51500 312.38553 71.63994 405.10724 14.40001 -134.31331
58.54700 312.40938 71.53742 405.04929 14.55001 -131.16330
58.56200 312.43334 71.42790 404.99519 14.55001 -130.41330
58.57900 312.46006 71.30077 404.93807 14.70001 -128.61330
58.59600 312.48679 71.17364 404.88095 14.85001 -127.11330
58.61200 312.51347 71.09946 404.82779 14.85001 -125.31329
58.63000 312.54310 71.05822 404.77179 15.15001 -123.51329
58.64500 312.57273 71.01698 404.71579 15.45001 -121.26329
58.66200 312.61429 71.00000 404.65660 15.60001 -119.91328
58.67900 312.66973 71.00000 404.58835 15.90001 -117.36328
58.69600 312.72517 71.00000 404.52009 16.20001 -114.81328
58.71300 312.76403 71.00000 404.47226 16.50001 -112.26328
58.73100 312.79430 71.00000 404.43499 16.95001 -108.96327
58.74900 312.84579 71.00000 404.37161 17.70001 -104.01328
58.77900 312.86232 71.00000 404.35126 18.30001 -99.66330
58.79600 312.87884 71.00000 404.33092 18.60001 -97.26331
58.81300 312.89043 71.00000 404.31666 19.05001 -95.31329
58.83000 312.89945 71.00000 404.30555 19.20001 -93.66330
58.84700 312.90848 71.00000 404.29444 19.80001 -91.41330
58.86200 312.91480 71.00000 404.28665 19.95001 -90.21329
58.87900 312.91973 71.00000 404.28059 20.10001 -88.71329
58.89500 312.92466 71.00000 404.27452 20.10001 -87.51328
58.91200 312.92811 71.00000 404.27027 20.25001 -86.01328
58.93000 312.93080 71.00000 404.26696 20.25001 -84.21329
58.94500 312.93349 71.00000 404.26365 20.40001 -82.26328
58.96200 312.93538 71.00000 404.26132 20.55001 -81.81326
58.97900 312.93685 71.00000 404.25952 20.70001 -81.51328
58.99600 312.93831 71.00000 404.25771 20.55001 -81.51328
59.01300 312.93892 71.00000 404.25696 20.40001 -81.51328
59.03200 312.93892 71.00000 404.25696 20.40001 -81.51328
59.05100 312.93892 71.00000 404.25696 20.40001 -81.51328
59.08100 312.93892 71.00000 404.25696 20.40001 -81.51328
59.09800 312.93892 71.00000 404.25696 20.40001 -81.51328
59.12900 312.93892 71.00000 404.25696 20.40001 -81.51328
59.14600 312.93892 71.00000 404.25696 20.40001 -81.51328
59.16200 312.93892 71.00000 404.25696 20.40001 -81.51328
59.17900 312.93892 71.00000 404.25696 20.40001 -81.51328
59.19600 312.93892 71.00000 404.25696 20.40001 -81.51328
59.21200 312.93892 71.00000 404.25696 20.40001 -81.51328
59.23000 312.93892 71.00000 404.25696 20.40001 -81.51328
59.24600 312.93892 71.00000 404.25696 20.40001 -81.51328
59.26200 312.93892 71.00000 404.25696 20.40001 -81.51328
59.27900 312.93892 71.00000 404.25696 20.40001 -81.51328
59.29600 312.93892 71.00000 404.25696 20.40001 -81.81326
59.31200 312.93892 71.00000 404.25696 20.10001 -82.26328
59.33000 312.93892 71.00000 404.25696 19.80001 -82.56326
59.34700 312.93892 71.00000 404.25696 19.05001 -83.01328
59.36200 312.93892 71.00000 404.25696 18.45001 -83.01328
59.37900 312.93892 71.00000 404.25696 17.40001 -83.16327
59.39600 312.93892 71.00000 404.25696 16.80001 -83.76328
59.41200 312.93892 71.00000 404.25696 16.20001 -84.06326
59.42900 312.93892 71.00000 404.25696 15.90001 -84.21326
59.44600 312.93892 71.00000 404.25696 15.45001 -84.36325
59.46200 312.93892 71.00000 404.25696 15.45001 -84.36325
59.47900 312.93892 71.00000 404.25696 15.45001 -84.36325
59.49600 312.93892 71.00000 404.25696 15.30001 -84.36325
59.51200 312.93892 71.00000 404.25696 15.30001 -84.36325
59.53600 312.93892 71.00000 404.25696 15.30001 -84.36325
59.56200 312.93892 71.00000 404.25696 15.30001 -84.36325
59.57900 312.93892 71.00000 404.25696 15.30001 -84.36325
59.59600 312.93892 71.00000 404.25696 15.30001 -84.36325
59.61200 312.93892 71.00000 404.25696 15.30001 -84.36325
59.63000 312.93892 71.00000 404.25696 15.30001 -84.36325
59.64600 312.93892 71.00000 404.25696 15.30001 -84.36325
59.66200 312.93892 71.00000 404.25696 15.30001 -84.36325
59.67900 312.93892 71.00000 404.25696 15.30001 -84.36325
59.69600 312.93892 71.00000 404.25696 15.30001 -84.36325
59.71200 312.93892 71.00000 404.25696 15.30001 -84.36325
59.73100 312.93892 71.00000 404.25696 15.30001 -84.36325
59.74600 312.93892 71.00000 404.25696 15.30001 -84.36325
59.76200 312.93892 71.00000 404.25696 15.30001 -84.36325
59.77900 312.93892 71.00000 404.25696 15.30001 -84.36325
59.79600 312.93892 71.00000 404.25696 15.30001 -84.36325
59.81200 312.93892 71.00000 404.25696 15.30001 -84.36325
59.83000 312.93892 71.00000 404.25696 15.30001 -84.36325
59.84600 312.93892 71.00000 404.25696 15.30001 -84.36325
59.86200 312.93892 71.00000 404.25696 15.30001 -84.36325
59.87900 312.93892 71.00000 404.25696 15.45001 -85.11325
59.89600 312.93892 71.00000 404.25696 15.60001 -86.61325
59.91200 312.93892 71.00000 404.25696 15.60001 -88.86325
59.93100 312.93892 71.00000 404.25696 15.75001 -91.86325
59.94800 312.93892 71.00000 404.25696 15.75001 -96.66324
59.98000 312.93892 71.00000 404.25696 15.75001 -103.71323
59.99800 312.93892 71.00000 404.25696 15.75001 -108.21323
60.02900 312.93892 71.00000 404.25696 15.45001 -117.21323
60.04700 312.93892 71.00000 404.25696 14.85001 -122.76323
60.06300 312.93892 71.00000 404.25696 14.40001 -125.16322
60.08000 312.93892 71.00000 404.25696 13.20001 -128.46323
60.09600 312.93892 71.00000 404.25696 12.15001 -131.01323
60.11200 312.93892 71.00000 404.25696 10.80001 -133.26323
60.13000 312.93892 71.00000 404.25696 9.75001 -135.36324
60.14600 312.93892 71.00000 404.25696 8.70001 -137.46324
60.16200 312.93892 71.00000 404.25696 8.25001 -138.66324
60.18000 312.93892 71.00000 404.25696 7.65001 -140.61324
60.19600 312.93892 71.00000 404.25696 7.05001 -142.71324
60.21200 312.93892 71.00000 404.25696 6.60001 -144.96324
60.23000 312.93892 71.00000 404.25696 6.45001 -147.06325
60.24500 312.93892 71.00000 404.25696 6.15001 -149.46324
60.26200 312.93892 71.00000 404.25696 6.00001 -150.51324
60.27900 312.93892 71.00000 404.25696 5.85001 -152.16324
60.29600 312.93892 71.00000 404.25696 5.55001 -153.81323
60.31100 312.93892 71.00000 404.25696 5.40001 -155.31323
60.33000 312.93892 71.00000 404.25696 5.25001 -156.66324
60.34600 312.93892 71.00000 404.25696 5.10001 -158.01324
60.36200 312.93892 71.00000 404.25696 4.95001 -158.46324
60.38000 312.93892 71.00000 404.25696 4.95001 -158.76324
60.39600 312.93892 71.00000 404.25696 4.95001 -158.76324
60.41200 312.93892 71.00000 404.25696 4.80001 -158.76324
60.42900 312.93892 71.00000 404.25696 4.80001 -158.76324
60.44600 312.93892 71.00000 404.25696 4.80001 -158.76324
60.46200 312.93892 71.00000 404.25696 4.80001 -158.76324
60.47800 312.93892 71.00000 404.25696 4.80001 -158.76324
60.49600 312.93892 71.00000 404.25696 4.80001 -158.76324
60.51200 312.93892 71.00000 404.25696 4.80001 -158.76324
60.53000 312.93892 71.00000 404.25696 4.80001 -158.76324
60.54500 312.93892 71.00000 404.25696 4.80001 -158.76324
60.56100 312.93892 71.00000 404.25696 4.80001 -158.76324
60.57900 312.93892 71.00000 404.25696 4.80001 -158.76324
60.59500 312.93892 71.00000 404.25696 4.80001 -158.76324
60.61200 312.93892 71.00000 404.25696 4.80001 -158.76324
60.62900 312.93892 71.00000 404.25696 4.80001 -158.76324
60.64500 312.93892 71.00000 404.25696 4.80001 -158.76324
60.66200 312.93892 71.00000 404.25696 4.80001 -158.76324
60.67900 312.93892 71.00000 404.25696 4.80001 -158.76324
60.69600 312.93892 71.00000 404.25696 4.80001 -158.76324
60.71200 312.93892 71.00000 404.25696 4.80001 -158.76324
60.73000 312.93892 71.00000 404.25696 4.80001 -158.76324
60.74500 312.93892 71.00000 404.25696 4.80001 -158.76324
60.76200 312.93892 71.00000 404.25696 4.80001 -158.76324
60.77900 312.93892 71.00000 404.25696 4.80001 -158.76324
60.79500 312.93892 71.00000 404.25696 4.80001 -158.76324
60.81200 312.93892 71.00000 404.25696 4.80001 -158.76324
60.82900 312.93892 71.00000 404.25696 4.80001 -158.76324
60.84600 312.93892 71.00000 404.25696 4.80001 -158.76324
60.86200 312.93892 71.00000 404.25696 4.80001 -158.76324
60.88000 312.93892 71.00000 404.25696 4.80001 -158.76324
60.89500 312.93892 71.00000 404.25696 4.80001 -158.76324
60.91200 312.93892 71.00000 404.25696 4.80001 -158.76324
60.93000 312.93892 71.00000 404.25696 4.80001 -158.76324
60.94600 312.93892 71.00000 404.25696 4.80001 -158.76324
60.96200 312.93892 71.00000 404.25696 4.80001 -158.76324
60.98000 312.93892 71.00000 404.25696 4.80001 -158.76324
60.99600 312.93892 71.00000 404.25696 4.80001 -158.76324
61.01400 312.93892 71.00000 404.25696 4.80001 -158.76324
61.03200 312.93892 71.00000 404.25696 4.80001 -158.76324
61.04900 312.93892 71.00000 404.25696 4.80001 -158.76324
61.07900 312.93892 71.00000 404.25696 4.80001 -158.76324
61.09500 312.93892 71.00000 404.25696 4.80001 -158.76324
61.11300 312.93892 71.00000 404.25696 4.80001 -158.76324
61.13000 312.93892 71.00000 404.25696 4.80001 -158.76324
61.14600 312.93892 71.00000 404.25696 4.80001 -158.76324
61.16300 312.93892 71.00000 404.25696 4.80001 -158.76324
61.17900 312.93892 71.00000 404.25696 4.80001 -158.76324
61.19700 312.93892 71.00000 404.25696 4.80001 -158.76324
61.21200 312.93892 71.00000 404.25696 4.80001 -158.76324
61.22900 312.93892 71.00000 404.25696 4.80001 -158.76324
61.24600 312.93892 71.00000 404.25696 4.80001 -158.76324
61.26200 312.93892 71.00000 404.25696 4.80001 -158.76324
61.27900 312.93892 71.00000 404.25696 4.80001 -158.76324
61.29600 312.93892 71.00000 404.25696 4.80001 -158.76324
61.31400 312.93892 71.00000 404.25696 4.80001 -158.76324
61.33000 312.93892 71.00000 404.25696 4.80001 -158.76324
61.34600 312.93892 71.00000 404.25696 4.80001 -158.76324
61.36200 312.93892 71.00000 404.25696 4.80001 -158.76324
61.37900 312.93892 71.00000 404.25696 4.80001 -158.76324
61.39600 312.93892 71.00000 404.25696 4.80001 -158.76324
61.41200 312.93892 71.00000 404.25696 4.80001 -158.76324
61.44600 312.93892 71.00000 404.25696 4.80001 -158.76324
61.47000 312.93892 71.00000 404.25696 4.80001 -158.76324
61.49700 312.93892 71.00000 404.25696 4.80001 -158.76324
61.51300 312.93892 71.00000 404.25696 4.80001 -158.76324
61.53100 312.93892 71.00000 404.25696 4.80001 -158.76324
61.54900 312.93892 71.00000 404.25696 4.80001 -158.76324
61.57800 312.93892 71.00000 404.25696 4.80001 -158.76324
61.59600 312.93892 71.00000 404.25696 4.80001 -158.76324
61.61100 312.93892 71.00000 404.25696 4.80001 -158.76324
61.62900 312.93892 71.00000 404.25696 4.80001 -158.76324
61.64500 312.93892 71.00000 404.25696 4.80001 -158.76324
61.66200 312.93892 71.00000 404.25696 4.80001 -158.76324
61.67800 312.93892 71.00000 404.25696 4.80001 -158.76324
61.69500 312.93892 71.00000 404.25696 4.80001 -158.76324
61.71100 312.93892 71.00000 404.25696 4.80001 -158.76324
61.73000 312.93892 71.00000 404.25696 4.80001 -158.76324
61.74900 312.93892 71.00000 404.25696 4.80001 -158.76324
61.77900 312.93892 71.00000 404.25696 4.80001 -158.76324
61.79600 312.93892 71.00000 404.25696 4.80001 -158.76324
61.81200 312.93892 71.00000 404.25696 4.80001 -158.76324
61.83000 312.93892 71.00000 404.25696 4.80001 -158.76324
61.84500 312.93892 71.00000 404.25696 4.80001 -158.76324
61.86200 312.93892 71.00000 404.25696 4.80001 -158.76324
61.87800 312.93892 71.00000 404.25696 4.80001 -158.76324
61.89500 312.93892 71.00000 404.25696 4.80001 -158.76324
61.91200 312.93892 71.00000 404.25696 4.80001 -158.76324
61.93200 312.93892 71.00000 404.25696 4.80001 -158.76324
61.96200 312.93892 71.00000 404.25696 4.80001 -158.76324
61.97900 312.93892 71.00000 404.25696 4.80001 -158.76324
61.99600 312.93892 71.00000 404.25696 4.80001 -158.76324
62.01200 312.93892 71.00000 404.25696 4.80001 -158.76324
62.02900 312.93892 71.00000 404.25696 4.80001 -158.76324
62.04600 312.93892 71.00000 404.25696 4.80001 -158.76324
62.06100 312.93892 71.00000 404.25696 4.80001 -158.76324
62.07800 312.93892 71.00000 404.25696 4.80001 -158.76324
62.09500 312.93892 71.00000 404.25696 4.80001 -158.76324
62.11100 312.93892 71.00000 404.25696 4.80001 -158.76324
62.12900 312.93892 71.00000 404.25696 4.80001 -158.76324
62.14500 312.93892 71.00000 404.25696 4.80001 -158.76324
62.16400 312.93892 71.00000 404.25696 4.80001 -158.76324
